0.09332
0.05228
0.07320
0.13589
0.19662
0.21193
0.13928
0.12364
0.08218
0.10721
0.09275
0.11402
0.09639
0.08812
0.12180
0.08227
0.09263
0.11507
0.10720
0.08670
0.13342
0.06465
0.19922
0.07212
0.07406
0.23627
0.10040
0.05055
0.05331
0.10185
0.19232
0.05768
0.07248
0.06092
0.08683
0.07341
0.05147
0.27860
0.06055
0.11096
0.09888
0.09254
0.25550
0.24099
0.05558
0.23808
0.06634
0.12802
0.10640
0.08866
0.10409
0.06092
0.07370
0.06900
0.12010
0.12602
0.11663
0.06248
0.06772
0.17267
0.07741
0.15874
0.11804
0.09661
0.20797
0.09993
0.09449
0.05457
0.12742
0.05898
0.06403
0.09769
0.11150
0.14710
0.07018
0.04368
0.10280
0.18859
0.12741
0.06954
0.08208
0.18291
0.11974
0.06028
0.14570
0.37217
0.07110
0.22142
0.14851
0.33939
0.06770
0.06660
