0.08577
0.07473
0.06668
0.09215
0.06467
0.15847
0.08371
0.05769
0.10192
0.09762
0.09571
0.16049
0.07257
0.22257
0.06425
0.06020
0.25522
0.14454
0.07197
0.06308
0.09858
0.09195
0.07439
0.08179
0.07531
0.26695
0.13053
0.14360
0.18884
0.10320
0.12445
0.10790
0.15838
0.09558
0.19038
0.12051
0.04534
0.06854
0.12829
0.12294
0.09584
0.04567
0.09997
0.08723
0.10878
0.09318
0.10513
0.06377
0.19936
0.04986
0.08284
0.20467
0.14793
0.17593
0.12287
0.04856
0.09626
0.19399
0.26060
0.10718
0.15641
0.11081
0.16127
0.40779
0.24864
0.07705
0.13611
0.16825
0.18326
0.06668
0.06175
0.09344
0.13774
0.10645
0.22774
0.07515
0.11133
