228 26 28
228 26 28
228 27 28
228 28 28
228 29 28
228 30 28
228 31 28
228 32 28
228 33 28
228 34 28
229 34 28
229 35 28
229 36 29
229 37 29
229 38 29
229 39 29
229 40 29
229 41 29
229 42 29
230 43 29
230 43 29
230 44 29
230 45 29
230 46 30
230 47 30
230 48 30
230 49 30
230 50 30
230 51 30
231 52 30
231 52 30
231 53 30
231 54 30
231 55 30
231 56 31
231 57 31
231 58 31
231 59 31
232 60 31
232 61 31
232 61 31
232 62 31
232 63 31
232 64 31
232 65 31
232 66 32
232 67 32
232 68 32
233 69 32
233 70 32
233 70 32
233 71 32
233 72 32
233 73 32
233 74 32
233 75 32
233 76 33
234 77 33
234 78 33
234 78 33
234 79 33
234 80 33
234 81 33
234 82 33
234 83 33
234 84 33
234 85 33
235 86 34
235 87 34
235 87 34
235 88 34
235 89 34
235 90 34
235 91 34
235 92 34
235 93 34
236 94 34
236 95 34
236 96 35
236 96 35
236 97 35
236 98 35
236 99 35
236 100 35
236 101 35
237 102 35
237 103 35
237 104 35
237 105 35
237 105 36
237 106 36
237 107 36
237 108 36
237 109 36
237 110 36
238 111 36
238 112 36
238 113 36
238 114 36
238 114 36
238 115 37
238 116 37
238 117 37
238 118 37
239 119 37
239 120 37
239 121 37
239 122 37
239 122 37
239 123 37
239 124 37
239 125 38
239 126 38
239 127 38
240 128 38
240 129 38
240 130 38
240 131 38
240 131 38
240 132 38
240 133 38
240 134 38
240 135 39
241 136 39
241 137 39
241 138 39
241 139 39
241 140 39
241 140 39
241 141 39
241 142 39
241 143 39
241 144 39
242 145 39
242 146 40
242 147 40
242 148 40
242 149 40
242 149 40
242 150 40
242 151 40
242 152 40
243 153 40
243 154 40
243 155 40
243 156 41
243 157 41
243 158 41
243 158 41
243 159 41
243 160 41
243 161 41
244 162 41
244 163 41
244 164 41
244 165 41
244 166 42
244 166 42
244 167 42
244 168 42
244 169 42
245 170 42
245 171 42
245 172 42
245 173 42
245 174 42
245 175 42
245 175 43
245 176 43
245 177 43
246 178 43
246 179 43
246 180 43
246 181 43
246 182 43
246 183 43
246 184 43
246 184 43
246 185 44
246 186 44
247 187 44
247 188 44
247 189 44
247 190 44
247 191 44
247 192 44
247 193 44
247 193 44
247 194 44
248 195 45
248 196 45
248 197 45
248 198 45
248 199 45
248 200 45
248 201 45
248 202 45
248 202 45
248 203 45
249 204 45
249 205 46
249 206 46
249 207 46
249 208 46
249 209 46
249 210 46
249 210 46
249 211 46
250 212 46
250 213 46
250 214 46
250 215 47
250 216 47
250 217 47
250 218 47
250 219 47
250 219 47
250 220 47
251 221 47
251 222 47
251 223 47
251 224 47
251 225 48
251 226 48
251 227 48
251 228 48
251 228 48
252 229 48
252 230 48
252 231 48
252 232 48
252 233 48
252 234 48
252 235 49
252 236 49
252 237 49
252 237 49
253 238 49
253 239 49
253 240 49
253 241 49
253 242 49
253 243 49
253 244 49
253 245 50
253 246 50
254 246 50
254 247 50
254 248 50
254 249 50
254 250 50
254 251 50
254 252 50
254 253 50
254 254 50
255 255 51
