217 149 207
216 149 208
215 150 209
214 150 209
213 150 210
213 150 211
212 151 212
211 151 213
210 151 213
209 152 214
208 152 215
207 152 216
206 153 216
205 153 217
203 154 218
202 154 218
201 154 219
200 155 219
199 155 220
197 156 220
196 156 221
195 156 221
193 157 222
192 157 222
191 158 223
189 158 223
188 159 223
186 159 224
185 160 224
183 160 224
182 161 225
180 161 225
179 162 225
177 162 225
176 163 225
174 163 226
172 164 226
171 164 226
169 165 226
167 165 226
165 166 226
164 166 226
162 167 226
160 167 226
158 168 226
156 168 226
154 169 226
153 169 226
151 170 225
149 171 225
147 171 225
145 172 225
143 172 224
141 173 224
139 173 224
137 174 224
135 174 223
133 174 223
131 175 222
129 175 222
127 176 222
125 176 221
122 177 221
120 177 220
118 178 220
116 178 219
114 179 218
112 179 218
110 179 217
108 180 217
106 180 216
104 181 215
101 181 214
99 181 214
97 182 213
95 182 212
93 183 211
91 183 211
89 183 210
87 184 209
85 184 208
83 184 207
81 185 206
79 185 206
77 185 205
76 185 204
74 186 203
72 186 202
70 186 201
69 187 200
67 187 199
66 187 198
64 187 197
63 187 196
62 188 195
61 188 194
60 188 192
59 188 191
58 188 190
57 189 189
57 189 188
56 189 187
56 189 186
55 189 185
55 189 183
55 189 182
56 189 181
56 190 180
56 190 179
57 190 177
58 190 176
58 190 175
59 190 174
60 190 172
61 190 171
62 190 170
64 190 169
65 190 167
66 190 166
68 190 165
69 190 163
71 190 162
72 190 161
74 190 160
75 190 158
77 190 157
79 190 156
80 190 154
82 190 153
84 190 152
86 189 151
87 189 149
89 189 148
91 189 147
93 189 145
94 189 144
96 189 143
98 189 142
100 188 140
102 188 139
103 188 138
105 188 136
107 188 135
109 188 134
111 187 133
112 187 132
114 187 130
116 187 129
118 187 128
119 186 127
121 186 126
123 186 124
124 186 123
126 185 122
128 185 121
130 185 120
131 185 119
133 184 118
135 184 117
136 184 116
138 184 115
139 183 114
141 183 113
143 183 112
144 182 111
146 182 110
147 182 110
149 182 109
150 181 108
152 181 107
153 181 107
155 180 106
156 180 105
158 180 105
159 179 104
161 179 104
162 179 103
164 178 103
165 178 102
166 178 102
168 177 101
169 177 101
170 176 101
172 176 101
173 176 101
174 175 100
176 175 100
177 175 100
178 174 100
180 174 100
181 173 100
182 173 101
183 173 101
184 172 101
186 172 101
187 171 101
188 171 102
189 171 102
190 170 103
191 170 103
192 169 104
194 169 104
195 168 105
196 168 105
197 168 106
198 167 107
199 167 107
200 166 108
201 166 109
202 166 110
203 165 111
204 165 111
204 164 112
205 164 113
206 163 114
207 163 115
208 163 116
209 162 117
210 162 118
210 161 119
211 161 120
212 161 122
213 160 123
214 160 124
214 159 125
215 159 126
216 159 127
216 158 129
217 158 130
218 157 131
218 157 132
219 157 133
219 156 135
220 156 136
221 156 137
221 155 139
222 155 140
222 154 141
223 154 142
223 154 144
224 153 145
224 153 146
224 153 148
225 152 149
225 152 150
225 152 152
226 152 153
226 151 154
226 151 156
227 151 157
227 150 158
227 150 160
227 150 161
227 150 162
228 149 164
228 149 165
