94 79 162
92 81 163
90 83 164
88 85 165
87 87 166
85 90 167
83 92 168
81 94 169
80 96 170
78 99 171
76 101 172
75 103 173
73 105 174
71 108 175
69 110 176
68 112 177
66 114 178
64 117 180
62 119 181
61 121 182
59 123 183
57 125 184
56 128 185
54 130 186
52 132 187
50 134 188
51 137 188
53 139 187
55 141 186
57 143 185
59 146 184
61 148 183
63 150 182
65 153 181
67 155 181
69 157 180
71 159 179
73 162 178
75 164 177
77 166 176
79 168 175
81 171 174
83 173 173
85 175 172
87 178 171
89 180 170
91 182 169
93 184 168
95 187 167
97 189 166
99 191 165
102 194 165
104 195 164
107 196 164
110 197 164
112 198 164
115 199 164
118 200 164
120 201 164
123 202 164
126 203 164
129 204 164
131 205 164
134 206 164
137 207 164
139 208 164
142 209 164
145 210 164
147 211 164
150 213 164
153 214 164
156 215 164
158 216 164
161 217 164
164 218 164
166 219 164
169 220 164
172 221 163
174 222 163
176 223 162
179 224 162
181 225 161
183 226 161
186 227 160
188 228 160
190 228 160
192 229 159
195 230 159
197 231 158
199 232 158
202 233 157
204 234 157
206 235 156
209 236 156
211 237 155
213 238 155
216 239 154
218 240 154
220 241 153
223 242 153
225 243 152
227 244 152
230 245 152
230 245 153
231 245 155
232 246 156
233 246 158
234 246 159
235 247 161
236 247 162
237 248 164
238 248 165
239 248 167
240 249 168
241 249 170
242 250 171
243 250 173
244 250 174
245 251 176
246 251 178
247 252 179
248 252 181
249 252 182
250 253 184
251 253 185
252 254 187
253 254 188
254 254 190
254 254 189
254 253 187
254 251 185
254 250 183
254 249 181
254 248 179
254 247 177
254 245 175
254 244 173
254 243 171
254 242 169
254 241 167
254 239 165
254 238 163
254 237 161
254 236 159
254 234 157
254 233 155
254 232 153
254 231 151
254 230 149
254 228 147
254 227 145
254 226 143
254 225 141
254 224 139
253 222 137
253 220 135
253 218 134
253 216 132
253 214 130
253 212 129
253 210 127
253 208 125
253 206 124
253 204 122
253 202 120
253 200 119
253 198 117
253 196 115
253 194 114
253 192 112
253 190 111
253 188 109
253 186 107
253 184 106
253 182 104
253 180 102
253 178 101
253 176 99
253 174 97
252 172 96
252 170 95
252 167 94
251 165 92
251 162 91
251 159 90
250 157 89
250 154 88
250 152 87
249 149 85
249 147 84
248 144 83
248 142 82
248 139 81
247 137 79
247 134 78
247 131 77
246 129 76
246 126 75
246 124 74
245 121 72
245 119 71
245 116 70
244 114 69
244 111 68
244 109 67
242 107 67
241 105 67
240 103 68
239 101 68
237 99 69
236 97 69
235 96 70
234 94 70
233 92 71
231 90 71
230 88 72
229 86 72
228 85 73
226 83 73
225 81 74
224 79 74
223 77 75
222 75 75
220 73 75
219 72 76
218 70 76
217 68 77
216 66 77
214 64 78
213 62 78
211 60 78
209 58 78
207 56 77
205 53 77
203 51 76
201 48 76
198 46 75
196 44 75
194 41 74
192 39 74
190 36 73
188 34 73
186 32 72
183 29 72
181 27 71
179 24 71
177 22 70
175 20 70
173 17 69
170 15 69
168 12 68
166 10 68
164 8 67
162 5 67
160 3 66
158 1 66
