0.05680
0.13270
0.17192
0.11383
0.19079
0.06234
0.09848
0.05243
0.08855
0.07724
0.05030
0.05856
0.12211
0.05790
0.04494
0.07175
0.08176
0.13970
0.04265
0.11955
0.06652
0.15820
0.09558
0.05868
0.25994
0.10075
0.07647
0.18439
0.05849
0.04274
0.09537
0.10688
0.03921
0.04343
0.13087
0.10639
0.26674
0.13745
0.10929
0.07955
0.07081
0.06564
0.12439
0.08229
0.05962
0.08979
0.12559
0.08787
0.08932
0.10653
0.09163
0.09327
0.19720
0.18556
0.09939
0.06490
0.12475
0.07104
0.08575
0.10009
0.09994
0.12800
0.20877
0.05297
0.04019
0.07595
0.07474
0.04826
0.05340
0.04681
0.06370
0.05179
0.14204
0.19254
0.05146
0.08708
0.05791
0.12221
0.13015
0.08149
0.09009
0.05185
0.05075
0.06010
0.07640
0.07317
0.04145
0.12534
0.08436
0.05988
0.07428
0.05296
0.04578
0.04637
0.03089
0.05241
0.04977
0.06445
0.05850
0.03220
0.04465
0.09350
0.09842
0.07321
0.08539
0.10715
0.18328
0.24910
0.05486
0.07032
0.06343
0.14218
0.11697
0.13899
