Coordinates in Destination volume (in mm)
3.68909  -41.0753  16.4222
16.0982  -42.279  -19.5282
27.7426  -93.5236  4.38221
15.9506  -13.7187  0.547028
11.7568  35.0783  28.6594
7.78759  -57.4438  4.3958
11.5481  -16.5682  36.5199
27.9656  -53.976  -7.51054
19.4888  -84.7375  28.3706
20.2059  -18.4823  -23.4473
11.8992  58.7822  20.7237
31.7164  19.0811  32.6995
39.8663  -69.7883  0.496386
15.5415  31.6734  48.6654
3.85106  -81.7345  -7.68527
15.4232  -36.311  44.4829
15.547  -56.7641  28.4292
15.547  -56.7641  28.4292
