"(Intercept)" "siteBaltimore" "siteBangor" "siteBeijing A" "siteBeijing AEOEC" "siteBerlin" "siteCambridge" "siteCleveland" "siteIcbm" "siteLeiden A" "siteLeiden B" "siteMunchen" "siteNew York A" "siteNew York B" "siteNewark" "siteOrangeburg" "siteQueensland" "siteQuiron-Valencia" "siteRockland" "siteSaint Louis" "siteVirginia Tech" "runRun 2" "runRun 3" "mean_FD" "age" "sexMale"
"1" 1 0 0 0 0 0 0 0 0 0 0 0 0 0 0 0 0 0 0 0 0 0 0 -0.00112452666674791 -10.1999372384937 1
"2" 1 0 0 0 0 0 0 0 0 0 0 0 0 0 0 0 0 0 0 0 0 0 0 -0.0167605717517479 0.660062761506275 1
"3" 1 1 0 0 0 0 0 0 0 0 0 0 0 0 0 0 0 0 0 0 0 0 0 0.0759087332612521 3.46006276150628 0
"4" 1 1 0 0 0 0 0 0 0 0 0 0 0 0 0 0 0 0 0 0 0 0 0 -0.0457974114541479 -5.53993723849372 0
"5" 1 1 0 0 0 0 0 0 0 0 0 0 0 0 0 0 0 0 0 0 0 0 0 -0.0392923838118479 1.46006276150628 0
"6" 1 1 0 0 0 0 0 0 0 0 0 0 0 0 0 0 0 0 0 0 0 0 0 -0.0320208529175479 -6.53993723849372 0
"7" 1 1 0 0 0 0 0 0 0 0 0 0 0 0 0 0 0 0 0 0 0 0 0 -0.0155231309663479 -2.53993723849372 1
"8" 1 1 0 0 0 0 0 0 0 0 0 0 0 0 0 0 0 0 0 0 0 0 0 -0.0292288561695479 3.46006276150628 1
"9" 1 1 0 0 0 0 0 0 0 0 0 0 0 0 0 0 0 0 0 0 0 0 0 -0.0375959334053479 4.46006276150628 1
"10" 1 0 1 0 0 0 0 0 0 0 0 0 0 0 0 0 0 0 0 0 0 0 0 -0.00116183582574791 -6.53993723849372 1
"11" 1 0 1 0 0 0 0 0 0 0 0 0 0 0 0 0 0 0 0 0 0 0 0 0.162797992476252 -7.53993723849372 1
"12" 1 0 1 0 0 0 0 0 0 0 0 0 0 0 0 0 0 0 0 0 0 0 0 -0.00868618676974792 7.46006276150628 1
"13" 1 0 1 0 0 0 0 0 0 0 0 0 0 0 0 0 0 0 0 0 0 0 0 0.0279471837962521 -7.53993723849372 1
"14" 1 0 1 0 0 0 0 0 0 0 0 0 0 0 0 0 0 0 0 0 0 0 0 -0.0157758509203479 -7.53993723849372 1
"15" 1 0 1 0 0 0 0 0 0 0 0 0 0 0 0 0 0 0 0 0 0 0 0 0.00771831247625208 -7.53993723849372 1
"16" 1 0 1 0 0 0 0 0 0 0 0 0 0 0 0 0 0 0 0 0 0 0 0 0.0806994422872521 -6.53993723849372 1
"17" 1 0 0 1 0 0 0 0 0 0 0 0 0 0 0 0 0 0 0 0 0 0 0 -0.0554520430964479 -10.5399372384937 0
"18" 1 0 0 1 0 0 0 0 0 0 0 0 0 0 0 0 0 0 0 0 0 0 0 -0.0567461399853479 -10.5399372384937 0
"19" 1 0 0 1 0 0 0 0 0 0 0 0 0 0 0 0 0 0 0 0 0 0 0 -0.0318449422075479 -9.53993723849372 0
"20" 1 0 0 1 0 0 0 0 0 0 0 0 0 0 0 0 0 0 0 0 0 0 0 -0.0557154919853479 -9.53993723849372 0
"21" 1 0 0 1 0 0 0 0 0 0 0 0 0 0 0 0 0 0 0 0 0 0 0 -0.0598432662075479 -9.53993723849372 0
"22" 1 0 0 1 0 0 0 0 0 0 0 0 0 0 0 0 0 0 0 0 0 0 0 -0.0392500044297479 -9.53993723849372 0
"23" 1 0 0 1 0 0 0 0 0 0 0 0 0 0 0 0 0 0 0 0 0 0 0 0.00757303690325209 -9.53993723849372 0
"24" 1 0 0 1 0 0 0 0 0 0 0 0 0 0 0 0 0 0 0 0 0 0 0 0.0587206613482521 -9.53993723849372 0
"25" 1 0 0 1 0 0 0 0 0 0 0 0 0 0 0 0 0 0 0 0 0 0 0 -0.0251888119853479 -9.53993723849372 0
"26" 1 0 0 1 0 0 0 0 0 0 0 0 0 0 0 0 0 0 0 0 0 0 0 -0.0362729657630479 -9.53993723849372 0
"27" 1 0 0 1 0 0 0 0 0 0 0 0 0 0 0 0 0 0 0 0 0 0 0 -0.0424323662075479 -8.53993723849372 0
"28" 1 0 0 1 0 0 0 0 0 0 0 0 0 0 0 0 0 0 0 0 0 0 0 -0.0629503310964479 -8.53993723849372 0
"29" 1 0 0 1 0 0 0 0 0 0 0 0 0 0 0 0 0 0 0 0 0 0 0 0.0220606164592521 -8.53993723849372 0
"30" 1 0 0 1 0 0 0 0 0 0 0 0 0 0 0 0 0 0 0 0 0 0 0 -0.0444883476741479 -8.53993723849372 0
"31" 1 0 0 1 0 0 0 0 0 0 0 0 0 0 0 0 0 0 0 0 0 0 0 -0.0726308613630479 -8.53993723849372 0
"32" 1 0 0 1 0 0 0 0 0 0 0 0 0 0 0 0 0 0 0 0 0 0 0 -0.0695215614964479 -8.53993723849372 0
"33" 1 0 0 1 0 0 0 0 0 0 0 0 0 0 0 0 0 0 0 0 0 0 0 -0.0485132990964479 -8.53993723849372 0
"34" 1 0 0 1 0 0 0 0 0 0 0 0 0 0 0 0 0 0 0 0 0 0 0 -0.0159019035408479 -8.53993723849372 0
"35" 1 0 0 1 0 0 0 0 0 0 0 0 0 0 0 0 0 0 0 0 0 0 0 -0.0550467342075479 -8.53993723849372 0
"36" 1 0 0 1 0 0 0 0 0 0 0 0 0 0 0 0 0 0 0 0 0 0 0 0.0532483729032521 -8.53993723849372 0
"37" 1 0 0 1 0 0 0 0 0 0 0 0 0 0 0 0 0 0 0 0 0 0 0 0.0170074297922521 -8.53993723849372 0
"38" 1 0 0 1 0 0 0 0 0 0 0 0 0 0 0 0 0 0 0 0 0 0 0 -0.0672402075408479 -8.53993723849372 0
"39" 1 0 0 1 0 0 0 0 0 0 0 0 0 0 0 0 0 0 0 0 0 0 0 -0.0607015093186479 -8.53993723849372 0
"40" 1 0 0 1 0 0 0 0 0 0 0 0 0 0 0 0 0 0 0 0 0 0 0 -0.00329523642974791 -8.53993723849372 0
"41" 1 0 0 1 0 0 0 0 0 0 0 0 0 0 0 0 0 0 0 0 0 0 0 -0.0400779999853479 -7.53993723849372 0
"42" 1 0 0 1 0 0 0 0 0 0 0 0 0 0 0 0 0 0 0 0 0 0 0 0.00416463379225208 -7.53993723849372 0
"43" 1 0 0 1 0 0 0 0 0 0 0 0 0 0 0 0 0 0 0 0 0 0 0 0.0694966284592521 -7.53993723849372 0
"44" 1 0 0 1 0 0 0 0 0 0 0 0 0 0 0 0 0 0 0 0 0 0 0 -0.0528426079853479 -7.53993723849372 0
"45" 1 0 0 1 0 0 0 0 0 0 0 0 0 0 0 0 0 0 0 0 0 0 0 0.0146210649032521 -7.53993723849372 0
"46" 1 0 0 1 0 0 0 0 0 0 0 0 0 0 0 0 0 0 0 0 0 0 0 -0.0255822230964479 -7.53993723849372 0
"47" 1 0 0 1 0 0 0 0 0 0 0 0 0 0 0 0 0 0 0 0 0 0 0 0.0831805702372521 -7.53993723849372 0
"48" 1 0 0 1 0 0 0 0 0 0 0 0 0 0 0 0 0 0 0 0 0 0 0 -0.0490911950964479 -7.53993723849372 0
"49" 1 0 0 1 0 0 0 0 0 0 0 0 0 0 0 0 0 0 0 0 0 0 0 -0.0689842635408479 -7.53993723849372 0
"50" 1 0 0 1 0 0 0 0 0 0 0 0 0 0 0 0 0 0 0 0 0 0 0 -0.0220509613186479 -7.53993723849372 0
"51" 1 0 0 1 0 0 0 0 0 0 0 0 0 0 0 0 0 0 0 0 0 0 0 -0.0645510715408479 -7.53993723849372 0
"52" 1 0 0 1 0 0 0 0 0 0 0 0 0 0 0 0 0 0 0 0 0 0 0 -0.0359334213186479 -7.53993723849372 0
"53" 1 0 0 1 0 0 0 0 0 0 0 0 0 0 0 0 0 0 0 0 0 0 0 -0.0225112093186479 -7.53993723849372 0
"54" 1 0 0 1 0 0 0 0 0 0 0 0 0 0 0 0 0 0 0 0 0 0 0 -0.0518721995408479 -7.53993723849372 0
"55" 1 0 0 1 0 0 0 0 0 0 0 0 0 0 0 0 0 0 0 0 0 0 0 -0.0499307177630479 -6.53993723849372 0
"56" 1 0 0 1 0 0 0 0 0 0 0 0 0 0 0 0 0 0 0 0 0 0 0 -0.0329556422075479 -6.53993723849372 0
"57" 1 0 0 1 0 0 0 0 0 0 0 0 0 0 0 0 0 0 0 0 0 0 0 -0.0264371017630479 -6.53993723849372 0
"58" 1 0 0 1 0 0 0 0 0 0 0 0 0 0 0 0 0 0 0 0 0 0 0 -0.0559759350964479 -6.53993723849372 0
"59" 1 0 0 1 0 0 0 0 0 0 0 0 0 0 0 0 0 0 0 0 0 0 0 -0.0433785630964479 -6.53993723849372 0
"60" 1 0 0 1 0 0 0 0 0 0 0 0 0 0 0 0 0 0 0 0 0 0 0 0.0158909457922521 -6.53993723849372 0
"61" 1 0 0 1 0 0 0 0 0 0 0 0 0 0 0 0 0 0 0 0 0 0 0 0.0212475106812521 -6.53993723849372 0
"62" 1 0 0 1 0 0 0 0 0 0 0 0 0 0 0 0 0 0 0 0 0 0 0 -0.0417441582075479 -6.53993723849372 0
"63" 1 0 0 1 0 0 0 0 0 0 0 0 0 0 0 0 0 0 0 0 0 0 0 -0.0568889515408479 -5.53993723849372 0
"64" 1 0 0 1 0 0 0 0 0 0 0 0 0 0 0 0 0 0 0 0 0 0 0 0.0695579315702521 -5.53993723849372 0
"65" 1 0 0 1 0 0 0 0 0 0 0 0 0 0 0 0 0 0 0 0 0 0 0 0.125983007570252 -5.53993723849372 0
"66" 1 0 0 1 0 0 0 0 0 0 0 0 0 0 0 0 0 0 0 0 0 0 0 -0.0490955164297479 -5.53993723849372 0
"67" 1 0 0 1 0 0 0 0 0 0 0 0 0 0 0 0 0 0 0 0 0 0 0 -0.0737365510964479 -5.53993723849372 0
"68" 1 0 0 1 0 0 0 0 0 0 0 0 0 0 0 0 0 0 0 0 0 0 0 -0.00232686709674791 -5.53993723849372 0
"69" 1 0 0 1 0 0 0 0 0 0 0 0 0 0 0 0 0 0 0 0 0 0 0 0.0284296226812521 -4.53993723849372 0
"70" 1 0 0 1 0 0 0 0 0 0 0 0 0 0 0 0 0 0 0 0 0 0 0 -0.0659985306519479 -4.53993723849372 0
"71" 1 0 0 1 0 0 0 0 0 0 0 0 0 0 0 0 0 0 0 0 0 0 0 -0.0563262426519479 -4.53993723849372 0
"72" 1 0 0 1 0 0 0 0 0 0 0 0 0 0 0 0 0 0 0 0 0 0 0 0.0548015924592521 -4.53993723849372 0
"73" 1 0 0 1 0 0 0 0 0 0 0 0 0 0 0 0 0 0 0 0 0 0 0 -0.0659897108741479 -3.53993723849372 0
"74" 1 0 0 1 0 0 0 0 0 0 0 0 0 0 0 0 0 0 0 0 0 0 0 -0.0315030399853479 -2.53993723849372 0
"75" 1 0 0 1 0 0 0 0 0 0 0 0 0 0 0 0 0 0 0 0 0 0 0 -0.0409524355408479 -2.53993723849372 0
"76" 1 0 0 1 0 0 0 0 0 0 0 0 0 0 0 0 0 0 0 0 0 0 0 -0.0211494613186479 -7.53993723849372 1
"77" 1 0 0 1 0 0 0 0 0 0 0 0 0 0 0 0 0 0 0 0 0 0 0 -0.0196670697630479 -8.53993723849372 1
"78" 1 0 0 1 0 0 0 0 0 0 0 0 0 0 0 0 0 0 0 0 0 0 0 -0.0605538613186479 -8.53993723849372 1
"79" 1 0 0 1 0 0 0 0 0 0 0 0 0 0 0 0 0 0 0 0 0 0 0 -0.0573403844297479 -6.53993723849372 1
"80" 1 0 0 1 0 0 0 0 0 0 0 0 0 0 0 0 0 0 0 0 0 0 0 -0.0491901702075479 -9.53993723849372 1
"81" 1 0 0 1 0 0 0 0 0 0 0 0 0 0 0 0 0 0 0 0 0 0 0 0.0127806022372521 -4.53993723849372 1
"82" 1 0 0 1 0 0 0 0 0 0 0 0 0 0 0 0 0 0 0 0 0 0 0 -0.0487843999853479 -7.53993723849372 1
"83" 1 0 0 1 0 0 0 0 0 0 0 0 0 0 0 0 0 0 0 0 0 0 0 -0.0349267550964479 -5.53993723849372 1
"84" 1 0 0 1 0 0 0 0 0 0 0 0 0 0 0 0 0 0 0 0 0 0 0 -0.0416604030964479 -6.53993723849372 1
"85" 1 0 0 1 0 0 0 0 0 0 0 0 0 0 0 0 0 0 0 0 0 0 0 -0.00493915065174791 -7.53993723849372 1
"86" 1 0 0 1 0 0 0 0 0 0 0 0 0 0 0 0 0 0 0 0 0 0 0 0.0134297662372521 -4.53993723849372 1
"87" 1 0 0 1 0 0 0 0 0 0 0 0 0 0 0 0 0 0 0 0 0 0 0 0.0945503920142521 -8.53993723849372 1
"88" 1 0 0 1 0 0 0 0 0 0 0 0 0 0 0 0 0 0 0 0 0 0 0 0.0172850066812521 -7.53993723849372 1
"89" 1 0 0 1 0 0 0 0 0 0 0 0 0 0 0 0 0 0 0 0 0 0 0 -0.00709257465174791 -9.53993723849372 1
"90" 1 0 0 1 0 0 0 0 0 0 0 0 0 0 0 0 0 0 0 0 0 0 0 0.0857485684592521 -6.53993723849372 1
"91" 1 0 0 1 0 0 0 0 0 0 0 0 0 0 0 0 0 0 0 0 0 0 0 -0.0244976404297479 -5.53993723849372 1
"92" 1 0 0 1 0 0 0 0 0 0 0 0 0 0 0 0 0 0 0 0 0 0 0 -0.0191866253186479 -8.53993723849372 1
"93" 1 0 0 1 0 0 0 0 0 0 0 0 0 0 0 0 0 0 0 0 0 0 0 -0.0298351377630479 -7.53993723849372 1
"94" 1 0 0 1 0 0 0 0 0 0 0 0 0 0 0 0 0 0 0 0 0 0 0 -0.0202625893186479 -8.53993723849372 1
"95" 1 0 0 1 0 0 0 0 0 0 0 0 0 0 0 0 0 0 0 0 0 0 0 -0.0707533035408479 -7.53993723849372 1
"96" 1 0 0 1 0 0 0 0 0 0 0 0 0 0 0 0 0 0 0 0 0 0 0 0.0603766617922521 -9.53993723849372 1
"97" 1 0 0 1 0 0 0 0 0 0 0 0 0 0 0 0 0 0 0 0 0 0 0 0.0322971009032521 -7.53993723849372 1
"98" 1 0 0 1 0 0 0 0 0 0 0 0 0 0 0 0 0 0 0 0 0 0 0 -0.0228071430964479 -7.53993723849372 1
"99" 1 0 0 1 0 0 0 0 0 0 0 0 0 0 0 0 0 0 0 0 0 0 0 0.0515062635702521 -7.53993723849372 1
"100" 1 0 0 1 0 0 0 0 0 0 0 0 0 0 0 0 0 0 0 0 0 0 0 -0.0741871071853479 -8.53993723849372 1
"101" 1 0 0 1 0 0 0 0 0 0 0 0 0 0 0 0 0 0 0 0 0 0 0 0.0152651649032521 -5.53993723849372 1
"102" 1 0 0 1 0 0 0 0 0 0 0 0 0 0 0 0 0 0 0 0 0 0 0 0.0506933017922521 -6.53993723849372 1
"103" 1 0 0 1 0 0 0 0 0 0 0 0 0 0 0 0 0 0 0 0 0 0 0 -0.0612269479853479 -6.53993723849372 1
"104" 1 0 0 1 0 0 0 0 0 0 0 0 0 0 0 0 0 0 0 0 0 0 0 -0.0279887604297479 -4.53993723849372 1
"105" 1 0 0 1 0 0 0 0 0 0 0 0 0 0 0 0 0 0 0 0 0 0 0 -0.0144811826519479 -8.53993723849372 1
"106" 1 0 0 1 0 0 0 0 0 0 0 0 0 0 0 0 0 0 0 0 0 0 0 -0.0384496386519479 -8.53993723849372 1
"107" 1 0 0 1 0 0 0 0 0 0 0 0 0 0 0 0 0 0 0 0 0 0 0 -0.0393619430964479 -8.53993723849372 1
"108" 1 0 0 1 0 0 0 0 0 0 0 0 0 0 0 0 0 0 0 0 0 0 0 -0.0641968825630479 -8.53993723849372 1
"109" 1 0 0 1 0 0 0 0 0 0 0 0 0 0 0 0 0 0 0 0 0 0 0 -0.0299016733186479 -4.53993723849372 1
"110" 1 0 0 1 0 0 0 0 0 0 0 0 0 0 0 0 0 0 0 0 0 0 0 -0.0542467302075479 -5.53993723849372 1
"111" 1 0 0 0 1 0 0 0 0 0 0 0 0 0 0 0 0 0 0 0 0 0 0 -0.0466299903464479 -8.53993723849372 0
"112" 1 0 0 0 1 0 0 0 0 0 0 0 0 0 0 0 0 0 0 0 0 0 0 -0.0560289140964479 -3.53993723849372 0
"113" 1 0 0 0 1 0 0 0 0 0 0 0 0 0 0 0 0 0 0 0 0 0 0 -0.0731989060547479 -5.53993723849372 0
"114" 1 0 0 0 1 0 0 0 0 0 0 0 0 0 0 0 0 0 0 0 0 0 0 -0.0542370961797479 -5.53993723849372 0
"115" 1 0 0 0 1 0 0 0 0 0 0 0 0 0 0 0 0 0 0 0 0 0 0 -0.0365920086797479 -4.53993723849372 0
"116" 1 0 0 0 1 0 0 0 0 0 0 0 0 0 0 0 0 0 0 0 0 0 0 -0.0387282349297479 -7.53993723849372 0
"117" 1 0 0 0 1 0 0 0 0 0 0 0 0 0 0 0 0 0 0 0 0 0 0 -0.0626470598047479 -5.53993723849372 0
"118" 1 0 0 0 1 0 0 0 0 0 0 0 0 0 0 0 0 0 0 0 0 0 0 0.0393053042372521 -7.53993723849372 0
"119" 1 0 0 0 1 0 0 0 0 0 0 0 0 0 0 0 0 0 0 0 0 0 0 -0.00865638742974792 -8.53993723849372 0
"120" 1 0 0 0 1 0 0 0 0 0 0 0 0 0 0 0 0 0 0 0 0 0 0 -0.0591173657630479 -4.53993723849372 0
"121" 1 0 0 0 1 0 0 0 0 0 0 0 0 0 0 0 0 0 0 0 0 0 0 0.00327906882025208 -10.5399372384937 1
"122" 1 0 0 0 1 0 0 0 0 0 0 0 0 0 0 0 0 0 0 0 0 0 0 0.0220637309032521 -7.53993723849372 1
"123" 1 0 0 0 1 0 0 0 0 0 0 0 0 0 0 0 0 0 0 0 0 0 0 0.0152294367372521 -6.53993723849372 1
"124" 1 0 0 0 1 0 0 0 0 0 0 0 0 0 0 0 0 0 0 0 0 0 0 -0.0451537649297479 -6.53993723849372 1
"125" 1 0 0 0 1 0 0 0 0 0 0 0 0 0 0 0 0 0 0 0 0 0 0 -0.0448474036797479 -5.53993723849372 1
"126" 1 0 0 0 1 0 0 0 0 0 0 0 0 0 0 0 0 0 0 0 0 0 0 -0.0463479507630479 -5.53993723849372 1
"127" 1 0 0 0 1 0 0 0 0 0 0 0 0 0 0 0 0 0 0 0 0 0 0 0.0683670763202521 -5.53993723849372 1
"128" 1 0 0 0 1 0 0 0 0 0 0 0 0 0 0 0 0 0 0 0 0 0 0 -0.0392970140964479 -5.53993723849372 1
"129" 1 0 0 0 1 0 0 0 0 0 0 0 0 0 0 0 0 0 0 0 0 0 0 -0.0394524245130479 -4.53993723849372 1
"130" 1 0 0 0 1 0 0 0 0 0 0 0 0 0 0 0 0 0 0 0 0 0 0 0.0853257400702521 -4.53993723849372 1
"131" 1 0 0 0 1 0 0 0 0 0 0 0 0 0 0 0 0 0 0 0 0 0 0 -0.0526110140964479 1.46006276150628 1
"132" 1 0 0 0 0 1 0 0 0 0 0 0 0 0 0 0 0 0 0 0 0 0 0 0.00846195512125208 -6.19993723849372 0
"133" 1 0 0 0 0 1 0 0 0 0 0 0 0 0 0 0 0 0 0 0 0 0 0 -0.0665604755930479 -4.57993723849372 0
"134" 1 0 0 0 0 1 0 0 0 0 0 0 0 0 0 0 0 0 0 0 0 1 0 -0.0812259128379479 -4.57993723849372 0
"135" 1 0 0 0 0 1 0 0 0 0 0 0 0 0 0 0 0 0 0 0 0 1 0 -0.0323008305930479 -4.16993723849372 0
"136" 1 0 0 0 0 1 0 0 0 0 0 0 0 0 0 0 0 0 0 0 0 0 0 -0.0595477770215479 -3.65993723849373 0
"137" 1 0 0 0 0 1 0 0 0 0 0 0 0 0 0 0 0 0 0 0 0 0 0 -0.0443385319169479 -2.53993723849372 0
"138" 1 0 0 0 0 1 0 0 0 0 0 0 0 0 0 0 0 0 0 0 0 0 0 -0.0214809924297479 -2.53993723849372 0
"139" 1 0 0 0 0 1 0 0 0 0 0 0 0 0 0 0 0 0 0 0 0 1 0 -0.0410488045726479 -1.75993723849372 0
"140" 1 0 0 0 0 1 0 0 0 0 0 0 0 0 0 0 0 0 0 0 0 1 0 -0.0656079744705479 -1.66993723849372 0
"141" 1 0 0 0 0 1 0 0 0 0 0 0 0 0 0 0 0 0 0 0 0 0 0 -0.0407175816134479 -1.51993723849372 0
"142" 1 0 0 0 0 1 0 0 0 0 0 0 0 0 0 0 0 0 0 0 0 1 0 -0.0501008561032479 -0.0999372384937232 0
"143" 1 0 0 0 0 1 0 0 0 0 0 0 0 0 0 0 0 0 0 0 0 1 0 -0.0411024244705479 0.310062761506277 0
"144" 1 0 0 0 0 1 0 0 0 0 0 0 0 0 0 0 0 0 0 0 0 0 0 0.00821511890325209 0.460062761506276 0
"145" 1 0 0 0 0 1 0 0 0 0 0 0 0 0 0 0 0 0 0 0 0 1 0 -0.0193131076338479 1.76006276150628 0
"146" 1 0 0 0 0 1 0 0 0 0 0 0 0 0 0 0 0 0 0 0 0 0 0 -0.0610571489603479 3.05006276150628 0
"147" 1 0 0 0 0 1 0 0 0 0 0 0 0 0 0 0 0 0 0 0 0 0 0 -0.0356107198787479 3.76006276150627 0
"148" 1 0 0 0 0 1 0 0 0 0 0 0 0 0 0 0 0 0 0 0 0 0 0 0.0836486408352521 4.74006276150628 0
"149" 1 0 0 0 0 1 0 0 0 0 0 0 0 0 0 0 0 0 0 0 0 1 0 -0.0158442280419479 8.88006276150628 0
"150" 1 0 0 0 0 1 0 0 0 0 0 0 0 0 0 0 0 0 0 0 0 1 0 -0.0327067280419479 31.1900627615063 0
"151" 1 0 0 0 0 1 0 0 0 0 0 0 0 0 0 0 0 0 0 0 0 1 0 -0.0402163311032479 2.61006276150627 1
"152" 1 0 0 0 0 1 0 0 0 0 0 0 0 0 0 0 0 0 0 0 0 1 0 -0.0486060239603479 3.98006276150628 1
"153" 1 0 0 0 0 1 0 0 0 0 0 0 0 0 0 0 0 0 0 0 0 0 0 0.0311924296112521 1.24006276150628 1
"154" 1 0 0 0 0 1 0 0 0 0 0 0 0 0 0 0 0 0 0 0 0 1 0 -0.0139177499807479 -8.57993723849372 1
"155" 1 0 0 0 0 1 0 0 0 0 0 0 0 0 0 0 0 0 0 0 0 0 0 -0.0139626067887479 2.46006276150628 1
"156" 1 0 0 0 0 1 0 0 0 0 0 0 0 0 0 0 0 0 0 0 0 1 0 -0.0688893300828479 -3.40993723849373 1
"157" 1 0 0 0 0 1 0 0 0 0 0 0 0 0 0 0 0 0 0 0 0 1 0 0.0178144046112521 9.47006276150627 1
"158" 1 0 0 0 0 1 0 0 0 0 0 0 0 0 0 0 0 0 0 0 0 1 0 -0.0556948250828479 5.28006276150628 1
"159" 1 0 0 0 0 1 0 0 0 0 0 0 0 0 0 0 0 0 0 0 0 0 0 -0.0567015847374479 10.4600627615063 1
"160" 1 0 0 0 0 1 0 0 0 0 0 0 0 0 0 0 0 0 0 0 0 1 0 -0.0286358091644479 2.71006276150628 1
"161" 1 0 0 0 0 1 0 0 0 0 0 0 0 0 0 0 0 0 0 0 0 0 0 -0.0719155155066479 -3.53993723849372 1
"162" 1 0 0 0 0 1 0 0 0 0 0 0 0 0 0 0 0 0 0 0 0 0 0 -0.0667574948787479 4.09006276150628 1
"163" 1 0 0 0 0 1 0 0 0 0 0 0 0 0 0 0 0 0 0 0 0 0 0 -0.00738427191674791 5.46006276150628 1
"164" 1 0 0 0 0 1 0 0 0 0 0 0 0 0 0 0 0 0 0 0 0 1 0 -0.0377150265113479 -1.43993723849372 1
"165" 1 0 0 0 0 1 0 0 0 0 0 0 0 0 0 0 0 0 0 0 0 1 0 -0.0673068923277479 10.5000627615063 1
"166" 1 0 0 0 0 1 0 0 0 0 0 0 0 0 0 0 0 0 0 0 0 1 0 0.0319857796112521 -1.95993723849373 1
"167" 1 0 0 0 0 1 0 0 0 0 0 0 0 0 0 0 0 0 0 0 0 0 0 0.0241182070572521 -2.53993723849372 1
"168" 1 0 0 0 0 1 0 0 0 0 0 0 0 0 0 0 0 0 0 0 0 0 0 -0.0448806314041479 4.46006276150628 1
"169" 1 0 0 0 0 0 1 0 0 0 0 0 0 0 0 0 0 0 0 0 0 0 0 -0.0385058203289479 -10.5399372384937 0
"170" 1 0 0 0 0 0 1 0 0 0 0 0 0 0 0 0 0 0 0 0 0 0 0 -0.0683434556230479 -10.5399372384937 0
"171" 1 0 0 0 0 0 1 0 0 0 0 0 0 0 0 0 0 0 0 0 0 0 0 -0.0354783463793479 -10.5399372384937 0
"172" 1 0 0 0 0 0 1 0 0 0 0 0 0 0 0 0 0 0 0 0 0 0 0 -0.00968260016074791 -10.5399372384937 0
"173" 1 0 0 0 0 0 1 0 0 0 0 0 0 0 0 0 0 0 0 0 0 0 0 0.0131731410152521 -10.5399372384937 0
"174" 1 0 0 0 0 0 1 0 0 0 0 0 0 0 0 0 0 0 0 0 0 0 0 -0.0425981951188479 -10.5399372384937 0
"175" 1 0 0 0 0 0 1 0 0 0 0 0 0 0 0 0 0 0 0 0 0 0 0 -0.0706365891524479 -10.5399372384937 0
"176" 1 0 0 0 0 0 1 0 0 0 0 0 0 0 0 0 0 0 0 0 0 0 0 -0.0205573623457479 -9.53993723849372 0
"177" 1 0 0 0 0 0 1 0 0 0 0 0 0 0 0 0 0 0 0 0 0 0 0 -0.0468030911692479 -9.53993723849372 0
"178" 1 0 0 0 0 0 1 0 0 0 0 0 0 0 0 0 0 0 0 0 0 0 0 -0.0332850102448479 -9.53993723849372 0
"179" 1 0 0 0 0 0 1 0 0 0 0 0 0 0 0 0 0 0 0 0 0 0 0 -0.0731985993205479 -9.53993723849372 0
"180" 1 0 0 0 0 0 1 0 0 0 0 0 0 0 0 0 0 0 0 0 0 0 0 -0.0133980556230479 -9.53993723849372 0
"181" 1 0 0 0 0 0 1 0 0 0 0 0 0 0 0 0 0 0 0 0 0 0 0 -0.0492773766314479 -9.53993723849372 0
"182" 1 0 0 0 0 0 1 0 0 0 0 0 0 0 0 0 0 0 0 0 0 0 0 -0.0555802455389479 -9.53993723849372 0
"183" 1 0 0 0 0 0 1 0 0 0 0 0 0 0 0 0 0 0 0 0 0 0 0 -0.0411574463793479 -9.53993723849372 0
"184" 1 0 0 0 0 0 1 0 0 0 0 0 0 0 0 0 0 0 0 0 0 0 0 -0.0502518606650479 -9.53993723849372 0
"185" 1 0 0 0 0 0 1 0 0 0 0 0 0 0 0 0 0 0 0 0 0 0 0 0.0353451376542521 -8.53993723849372 0
"186" 1 0 0 0 0 0 1 0 0 0 0 0 0 0 0 0 0 0 0 0 0 0 0 -0.0425079388163479 -8.53993723849372 0
"187" 1 0 0 0 0 0 1 0 0 0 0 0 0 0 0 0 0 0 0 0 0 0 0 0.0596033158052521 -8.53993723849372 0
"188" 1 0 0 0 0 0 1 0 0 0 0 0 0 0 0 0 0 0 0 0 0 0 0 0.0276040242092521 -8.53993723849372 0
"189" 1 0 0 0 0 0 1 0 0 0 0 0 0 0 0 0 0 0 0 0 0 0 0 -0.0528749396566479 -8.53993723849372 0
"190" 1 0 0 0 0 0 1 0 0 0 0 0 0 0 0 0 0 0 0 0 0 0 0 -0.0672378278919479 -8.53993723849372 0
"191" 1 0 0 0 0 0 1 0 0 0 0 0 0 0 0 0 0 0 0 0 0 0 0 -0.0577786094045479 -8.53993723849372 0
"192" 1 0 0 0 0 0 1 0 0 0 0 0 0 0 0 0 0 0 0 0 0 0 0 -0.0656458497406479 -8.53993723849372 0
"193" 1 0 0 0 0 0 1 0 0 0 0 0 0 0 0 0 0 0 0 0 0 0 0 0.0226778620242521 -8.53993723849372 0
"194" 1 0 0 0 0 0 1 0 0 0 0 0 0 0 0 0 0 0 0 0 0 0 0 -0.0433656438583479 -8.53993723849372 0
"195" 1 0 0 0 0 0 1 0 0 0 0 0 0 0 0 0 0 0 0 0 0 0 0 -0.0459533186482479 -8.53993723849372 0
"196" 1 0 0 0 0 0 1 0 0 0 0 0 0 0 0 0 0 0 0 0 0 0 0 -0.0309827589843479 -8.53993723849372 0
"197" 1 0 0 0 0 0 1 0 0 0 0 0 0 0 0 0 0 0 0 0 0 0 0 -0.0520253337742479 -8.53993723849372 0
"198" 1 0 0 0 0 0 1 0 0 0 0 0 0 0 0 0 0 0 0 0 0 0 0 -0.0460279850347479 -8.53993723849372 0
"199" 1 0 0 0 0 0 1 0 0 0 0 0 0 0 0 0 0 0 0 0 0 0 0 -0.0513206942784479 -7.53993723849372 0
"200" 1 0 0 0 0 0 1 0 0 0 0 0 0 0 0 0 0 0 0 0 0 0 0 -0.0271032413373479 -7.53993723849372 0
"201" 1 0 0 0 0 0 1 0 0 0 0 0 0 0 0 0 0 0 0 0 0 0 0 -0.0161129346146479 -7.53993723849372 0
"202" 1 0 0 0 0 0 1 0 0 0 0 0 0 0 0 0 0 0 0 0 0 0 0 -0.00615249175774792 -7.53993723849372 0
"203" 1 0 0 0 0 0 1 0 0 0 0 0 0 0 0 0 0 0 0 0 0 0 0 -0.0282230833541479 -7.53993723849372 0
"204" 1 0 0 0 0 0 1 0 0 0 0 0 0 0 0 0 0 0 0 0 0 0 0 -0.0627186531020479 -7.53993723849372 0
"205" 1 0 0 0 0 0 1 0 0 0 0 0 0 0 0 0 0 0 0 0 0 0 0 0.00669857210825209 -7.53993723849372 0
"206" 1 0 0 0 0 0 1 0 0 0 0 0 0 0 0 0 0 0 0 0 0 0 0 -0.0623928816734479 -7.53993723849372 0
"207" 1 0 0 0 0 0 1 0 0 0 0 0 0 0 0 0 0 0 0 0 0 0 0 -0.0460186598247479 -6.53993723849372 0
"208" 1 0 0 0 0 0 1 0 0 0 0 0 0 0 0 0 0 0 0 0 0 0 0 -0.0389586715894479 -6.53993723849372 0
"209" 1 0 0 0 0 0 1 0 0 0 0 0 0 0 0 0 0 0 0 0 0 0 0 -0.0281810791524479 -6.53993723849372 0
"210" 1 0 0 0 0 0 1 0 0 0 0 0 0 0 0 0 0 0 0 0 0 0 0 -0.0548509615053479 -6.53993723849372 0
"211" 1 0 0 0 0 0 1 0 0 0 0 0 0 0 0 0 0 0 0 0 0 0 0 -0.0182112783121479 -6.53993723849372 0
"212" 1 0 0 0 0 0 1 0 0 0 0 0 0 0 0 0 0 0 0 0 0 0 0 -0.0228277043625479 -6.53993723849372 0
"213" 1 0 0 0 0 0 1 0 0 0 0 0 0 0 0 0 0 0 0 0 0 0 0 -0.0354713018415479 -6.53993723849372 0
"214" 1 0 0 0 0 0 1 0 0 0 0 0 0 0 0 0 0 0 0 0 0 0 0 -0.0457594304129479 -5.53993723849372 0
"215" 1 0 0 0 0 0 1 0 0 0 0 0 0 0 0 0 0 0 0 0 0 0 0 -0.0186757220095479 -5.53993723849372 0
"216" 1 0 0 0 0 0 1 0 0 0 0 0 0 0 0 0 0 0 0 0 0 0 0 -0.0340396715894479 -5.53993723849372 0
"217" 1 0 0 0 0 0 1 0 0 0 0 0 0 0 0 0 0 0 0 0 0 0 0 -0.0694070648667479 -5.53993723849372 0
"218" 1 0 0 0 0 0 1 0 0 0 0 0 0 0 0 0 0 0 0 0 0 0 0 -0.0561416203289479 -5.53993723849372 0
"219" 1 0 0 0 0 0 1 0 0 0 0 0 0 0 0 0 0 0 0 0 0 0 0 -0.0678523808331479 -5.53993723849372 0
"220" 1 0 0 0 0 0 1 0 0 0 0 0 0 0 0 0 0 0 0 0 0 0 0 -0.0491806489003479 -5.53993723849372 0
"221" 1 0 0 0 0 0 1 0 0 0 0 0 0 0 0 0 0 0 0 0 0 0 0 -0.0165979295726479 -4.53993723849372 0
"222" 1 0 0 0 0 0 1 0 0 0 0 0 0 0 0 0 0 0 0 0 0 0 0 -0.0526222233541479 -4.53993723849372 0
"223" 1 0 0 0 0 0 1 0 0 0 0 0 0 0 0 0 0 0 0 0 0 0 0 -0.0489271152868479 -3.53993723849372 0
"224" 1 0 0 0 0 0 1 0 0 0 0 0 0 0 0 0 0 0 0 0 0 0 0 -0.0610931581440479 -2.53993723849372 0
"225" 1 0 0 0 0 0 1 0 0 0 0 0 0 0 0 0 0 0 0 0 0 0 0 -0.0453318623457479 -2.53993723849372 0
"226" 1 0 0 0 0 0 1 0 0 0 0 0 0 0 0 0 0 0 0 0 0 0 0 -0.0475942573036479 -2.53993723849372 0
"227" 1 0 0 0 0 0 1 0 0 0 0 0 0 0 0 0 0 0 0 0 0 0 0 -0.0293135833541479 -1.53993723849372 0
"228" 1 0 0 0 0 0 1 0 0 0 0 0 0 0 0 0 0 0 0 0 0 0 0 -0.0324432791524479 -6.53993723849372 1
"229" 1 0 0 0 0 0 1 0 0 0 0 0 0 0 0 0 0 0 0 0 0 0 0 -0.0246288480600479 -10.5399372384937 1
"230" 1 0 0 0 0 0 1 0 0 0 0 0 0 0 0 0 0 0 0 0 0 0 0 -0.0338053489003479 -6.53993723849372 1
"231" 1 0 0 0 0 0 1 0 0 0 0 0 0 0 0 0 0 0 0 0 0 0 0 -0.0235818581440479 -5.53993723849372 1
"232" 1 0 0 0 0 0 1 0 0 0 0 0 0 0 0 0 0 0 0 0 0 0 0 -0.0299480858751479 -9.53993723849372 1
"233" 1 0 0 0 0 0 1 0 0 0 0 0 0 0 0 0 0 0 0 0 0 0 0 -0.0360958320936479 -7.53993723849372 1
"234" 1 0 0 0 0 0 1 0 0 0 0 0 0 0 0 0 0 0 0 0 0 0 0 -0.0309874589843479 -7.53993723849372 1
"235" 1 0 0 0 0 0 1 0 0 0 0 0 0 0 0 0 0 0 0 0 0 0 0 -0.0335271127658479 -8.53993723849372 1
"236" 1 0 0 0 0 0 1 0 0 0 0 0 0 0 0 0 0 0 0 0 0 0 0 -0.0524680404969479 -7.53993723849372 1
"237" 1 0 0 0 0 0 1 0 0 0 0 0 0 0 0 0 0 0 0 0 0 0 0 0.0516474805112521 -7.53993723849372 1
"238" 1 0 0 0 0 0 1 0 0 0 0 0 0 0 0 0 0 0 0 0 0 0 0 -0.0296392741104479 -9.53993723849372 1
"239" 1 0 0 0 0 0 1 0 0 0 0 0 0 0 0 0 0 0 0 0 0 0 0 -0.0171691606650479 -7.53993723849372 1
"240" 1 0 0 0 0 0 1 0 0 0 0 0 0 0 0 0 0 0 0 0 0 0 0 0.0126902233682521 -7.53993723849372 1
"241" 1 0 0 0 0 0 1 0 0 0 0 0 0 0 0 0 0 0 0 0 0 0 0 -0.0631811699087479 -5.53993723849372 1
"242" 1 0 0 0 0 0 1 0 0 0 0 0 0 0 0 0 0 0 0 0 0 0 0 -0.00206659175774791 -9.53993723849372 1
"243" 1 0 0 0 0 0 1 0 0 0 0 0 0 0 0 0 0 0 0 0 0 0 0 -0.0190113833541479 -6.53993723849372 1
"244" 1 0 0 0 0 0 1 0 0 0 0 0 0 0 0 0 0 0 0 0 0 0 0 -0.0352274388163479 -8.53993723849372 1
"245" 1 0 0 0 0 0 1 0 0 0 0 0 0 0 0 0 0 0 0 0 0 0 0 -0.0649978808331479 -7.53993723849372 1
"246" 1 0 0 0 0 0 1 0 0 0 0 0 0 0 0 0 0 0 0 0 0 0 0 0.223494762864252 -7.53993723849372 1
"247" 1 0 0 0 0 0 1 0 0 0 0 0 0 0 0 0 0 0 0 0 0 0 0 -0.0185644463793479 -8.53993723849372 1
"248" 1 0 0 0 0 0 1 0 0 0 0 0 0 0 0 0 0 0 0 0 0 0 0 -0.0354281102448479 -9.53993723849372 1
"249" 1 0 0 0 0 0 1 0 0 0 0 0 0 0 0 0 0 0 0 0 0 0 0 -0.0525477463793479 -4.53993723849372 1
"250" 1 0 0 0 0 0 1 0 0 0 0 0 0 0 0 0 0 0 0 0 0 0 0 -0.0401904287322479 -7.53993723849372 1
"251" 1 0 0 0 0 0 1 0 0 0 0 0 0 0 0 0 0 0 0 0 0 0 0 -0.00418536570674791 -5.53993723849372 1
"252" 1 0 0 0 0 0 1 0 0 0 0 0 0 0 0 0 0 0 0 0 0 0 0 -0.0568645976398479 -7.53993723849372 1
"253" 1 0 0 0 0 0 1 0 0 0 0 0 0 0 0 0 0 0 0 0 0 0 0 -0.0417740505810479 -6.53993723849372 1
"254" 1 0 0 0 0 0 1 0 0 0 0 0 0 0 0 0 0 0 0 0 0 0 0 -0.0625591505810479 -7.53993723849372 1
"255" 1 0 0 0 0 0 1 0 0 0 0 0 0 0 0 0 0 0 0 0 0 0 0 -0.0549232102448479 -10.5399372384937 1
"256" 1 0 0 0 0 0 1 0 0 0 0 0 0 0 0 0 0 0 0 0 0 0 0 -0.0608067270515479 -9.53993723849372 1
"257" 1 0 0 0 0 0 1 0 0 0 0 0 0 0 0 0 0 0 0 0 0 0 0 -0.0725585825137479 -8.53993723849372 1
"258" 1 0 0 0 0 0 1 0 0 0 0 0 0 0 0 0 0 0 0 0 0 0 0 -0.0559643640263479 -8.53993723849372 1
"259" 1 0 0 0 0 0 1 0 0 0 0 0 0 0 0 0 0 0 0 0 0 0 0 -0.0364315152868479 -8.53993723849372 1
"260" 1 0 0 0 0 0 1 0 0 0 0 0 0 0 0 0 0 0 0 0 0 0 0 -0.0145571304129479 -8.53993723849372 1
"261" 1 0 0 0 0 0 0 1 0 0 0 0 0 0 0 0 0 0 0 0 0 0 0 0.0975056338692521 16.4600627615063 0
"262" 1 0 0 0 0 0 0 1 0 0 0 0 0 0 0 0 0 0 0 0 0 0 0 0.0514956307202521 15.4600627615063 0
"263" 1 0 0 0 0 0 0 1 0 0 0 0 0 0 0 0 0 0 0 0 0 0 0 0.0777904393812521 4.46006276150628 0
"264" 1 0 0 0 0 0 0 1 0 0 0 0 0 0 0 0 0 0 0 0 0 0 0 0.0409634189092521 16.4600627615063 0
"265" 1 0 0 0 0 0 0 1 0 0 0 0 0 0 0 0 0 0 0 0 0 0 0 0.0479365307202521 -0.539937238493724 0
"266" 1 0 0 0 0 0 0 1 0 0 0 0 0 0 0 0 0 0 0 0 0 0 0 0.00694583386925209 14.4600627615063 0
"267" 1 0 0 0 0 0 0 1 0 0 0 0 0 0 0 0 0 0 0 0 0 0 0 0.156408490562252 0.460062761506276 0
"268" 1 0 0 0 0 0 0 1 0 0 0 0 0 0 0 0 0 0 0 0 0 0 0 0.580701581113252 27.4600627615063 0
"269" 1 0 0 0 0 0 0 1 0 0 0 0 0 0 0 0 0 0 0 0 0 0 0 0.428294173239252 25.4600627615063 0
"270" 1 0 0 0 0 0 0 1 0 0 0 0 0 0 0 0 0 0 0 0 0 0 0 0.196537392924252 26.4600627615063 1
"271" 1 0 0 0 0 0 0 1 0 0 0 0 0 0 0 0 0 0 0 0 0 0 0 0.274818659853252 4.46006276150628 1
"272" 1 0 0 0 0 0 0 1 0 0 0 0 0 0 0 0 0 0 0 0 0 0 0 0.00353937323925209 7.46006276150628 1
"273" 1 0 0 0 0 0 0 0 1 0 0 0 0 0 0 0 0 0 0 0 0 1 0 0.147515291633252 33.4600627615063 0
"274" 1 0 0 0 0 0 0 0 1 0 0 0 0 0 0 0 0 0 0 0 0 0 0 -0.00497807399174792 -5.53993723849372 0
"275" 1 0 0 0 0 0 0 0 1 0 0 0 0 0 0 0 0 0 0 0 0 0 0 0.0541267533512521 38.4600627615063 0
"276" 1 0 0 0 0 0 0 0 1 0 0 0 0 0 0 0 0 0 0 0 0 0 0 -0.0393389849297479 -6.53993723849372 0
"277" 1 0 0 0 0 0 0 0 1 0 0 0 0 0 0 0 0 0 0 0 0 0 0 -0.0151155161797479 15.4600627615063 0
"278" 1 0 0 0 0 0 0 0 1 0 0 0 0 0 0 0 0 0 0 0 0 0 1 0.0295542275702521 30.4600627615063 0
"279" 1 0 0 0 0 0 0 0 1 0 0 0 0 0 0 0 0 0 0 0 0 0 1 0.121570452570252 30.4600627615063 0
"280" 1 0 0 0 0 0 0 0 1 0 0 0 0 0 0 0 0 0 0 0 0 1 0 0.0544037666322521 -1.53993723849372 0
"281" 1 0 0 0 0 0 0 0 1 0 0 0 0 0 0 0 0 0 0 0 0 0 1 -0.0250401739922479 -8.53993723849372 0
"282" 1 0 0 0 0 0 0 0 1 0 0 0 0 0 0 0 0 0 0 0 0 1 0 -0.0329223903984479 2.46006276150628 0
"283" 1 0 0 0 0 0 0 0 1 0 0 0 0 0 0 0 0 0 0 0 0 0 1 0.00645884397625208 28.4600627615063 0
"284" 1 0 0 0 0 0 0 0 1 0 0 0 0 0 0 0 0 0 0 0 0 0 0 -0.0316425583672479 -3.53993723849372 0
"285" 1 0 0 0 0 0 0 0 1 0 0 0 0 0 0 0 0 0 0 0 0 0 0 -0.0209056278985479 -7.53993723849372 0
"286" 1 0 0 0 0 0 0 0 1 0 0 0 0 0 0 0 0 0 0 0 0 0 1 -0.0137890646172479 -9.53993723849372 0
"287" 1 0 0 0 0 0 0 0 1 0 0 0 0 0 0 0 0 0 0 0 0 0 1 -0.0250401739922479 -8.53993723849372 0
"288" 1 0 0 0 0 0 0 0 1 0 0 0 0 0 0 0 0 0 0 0 0 0 1 0.0390711010072521 -9.53993723849372 0
"289" 1 0 0 0 0 0 0 0 1 0 0 0 0 0 0 0 0 0 0 0 0 1 0 -0.00457364352374791 19.4600627615063 0
"290" 1 0 0 0 0 0 0 0 1 0 0 0 0 0 0 0 0 0 0 0 0 0 0 0.00132630022625209 -8.53993723849372 0
"291" 1 0 0 0 0 0 0 0 1 0 0 0 0 0 0 0 0 0 0 0 0 1 0 -0.0228506614922479 -5.53993723849372 0
"292" 1 0 0 0 0 0 0 0 1 0 0 0 0 0 0 0 0 0 0 0 0 0 0 -0.0133474544609479 6.46006276150628 0
"293" 1 0 0 0 0 0 0 0 1 0 0 0 0 0 0 0 0 0 0 0 0 0 1 -0.0184312778984479 16.4600627615063 1
"294" 1 0 0 0 0 0 0 0 1 0 0 0 0 0 0 0 0 0 0 0 0 0 0 0.00589680882025209 22.4600627615063 1
"295" 1 0 0 0 0 0 0 0 1 0 0 0 0 0 0 0 0 0 0 0 0 0 1 0.0678279431952521 25.4600627615063 1
"296" 1 0 0 0 0 0 0 0 1 0 0 0 0 0 0 0 0 0 0 0 0 0 0 0.0745092189762521 -2.53993723849372 1
"297" 1 0 0 0 0 0 0 0 1 0 0 0 0 0 0 0 0 0 0 0 0 0 1 0.129264788508252 21.4600627615063 1
"298" 1 0 0 0 0 0 0 0 1 0 0 0 0 0 0 0 0 0 0 0 0 0 1 0.0762326877262521 44.4600627615063 1
"299" 1 0 0 0 0 0 0 0 1 0 0 0 0 0 0 0 0 0 0 0 0 0 1 0.0293681947582521 31.4600627615063 1
"300" 1 0 0 0 0 0 0 0 1 0 0 0 0 0 0 0 0 0 0 0 0 0 1 -0.00532801930474791 1.46006276150628 1
"301" 1 0 0 0 0 0 0 0 1 0 0 0 0 0 0 0 0 0 0 0 0 1 0 -0.000298755241747911 41.4600627615063 1
"302" 1 0 0 0 0 0 0 0 1 0 0 0 0 0 0 0 0 0 0 0 0 0 1 -0.00983415602374792 -6.53993723849372 1
"303" 1 0 0 0 0 0 0 0 1 0 0 0 0 0 0 0 0 0 0 0 0 0 0 0.0318719017892521 4.46006276150628 1
"304" 1 0 0 0 0 0 0 0 1 0 0 0 0 0 0 0 0 0 0 0 0 1 0 -0.00175235289874791 3.46006276150628 1
"305" 1 0 0 0 0 0 0 0 1 0 0 0 0 0 0 0 0 0 0 0 0 0 0 0.0281495502262521 6.46006276150628 1
"306" 1 0 0 0 0 0 0 0 1 0 0 0 0 0 0 0 0 0 0 0 0 1 0 0.0407605221012521 24.4600627615063 1
"307" 1 0 0 0 0 0 0 0 1 0 0 0 0 0 0 0 0 0 0 0 0 0 1 0.168551379132252 19.4600627615063 1
"308" 1 0 0 0 0 0 0 0 1 0 0 0 0 0 0 0 0 0 0 0 0 0 0 -0.0223382864922479 3.46006276150628 1
"309" 1 0 0 0 0 0 0 0 0 1 0 0 0 0 0 0 0 0 0 0 0 0 0 -0.00612871987174791 -7.53993723849372 1
"310" 1 0 0 0 0 0 0 0 0 1 0 0 0 0 0 0 0 0 0 0 0 0 0 0.00815673454725209 -5.53993723849372 1
"311" 1 0 0 0 0 0 0 0 0 1 0 0 0 0 0 0 0 0 0 0 0 0 0 0.0236823633842521 -5.53993723849372 1
"312" 1 0 0 0 0 0 0 0 0 1 0 0 0 0 0 0 0 0 0 0 0 0 0 0.0925710261752521 -3.53993723849372 1
"313" 1 0 0 0 0 0 0 0 0 0 1 0 0 0 0 0 0 0 0 0 0 0 0 0.0211401154772521 -8.53993723849372 0
"314" 1 0 0 0 0 0 0 0 0 0 1 0 0 0 0 0 0 0 0 0 0 0 0 0.00849308989625208 -6.53993723849372 0
"315" 1 0 0 0 0 0 0 0 0 0 1 0 0 0 0 0 0 0 0 0 0 0 0 -0.00598307615074792 -8.53993723849372 1
"316" 1 0 0 0 0 0 0 0 0 0 1 0 0 0 0 0 0 0 0 0 0 0 0 0.120611303384252 -7.53993723849372 1
"317" 1 0 0 0 0 0 0 0 0 0 1 0 0 0 0 0 0 0 0 0 0 0 0 -0.0109390980107479 -7.53993723849372 1
"318" 1 0 0 0 0 0 0 0 0 0 1 0 0 0 0 0 0 0 0 0 0 0 0 0.0178649782682521 -0.539937238493724 1
"319" 1 0 0 0 0 0 0 0 0 0 0 1 0 0 0 0 0 0 0 0 0 0 0 -0.0163500765964479 34.4600627615063 0
"320" 1 0 0 0 0 0 0 0 0 0 0 1 0 0 0 0 0 0 0 0 0 0 0 0.0460820831262521 36.4600627615063 1
"321" 1 0 0 0 0 0 0 0 0 0 0 1 0 0 0 0 0 0 0 0 0 0 0 -0.0311583710408479 44.4600627615063 1
"322" 1 0 0 0 0 0 0 0 0 0 0 0 0 0 1 0 0 0 0 0 0 0 0 0.0925929631262521 -5.53993723849372 0
"323" 1 0 0 0 0 0 0 0 0 0 0 0 0 0 1 0 0 0 0 0 0 0 0 -0.0538037279853479 -4.53993723849372 0
"324" 1 0 0 0 0 0 0 0 0 0 0 0 0 0 1 0 0 0 0 0 0 0 0 -0.0237392553927479 -4.53993723849372 0
"325" 1 0 0 0 0 0 0 0 0 0 0 0 0 0 1 0 0 0 0 0 0 0 0 -0.0130118361334479 -6.53993723849372 1
"326" 1 0 0 0 0 0 0 0 0 0 0 0 1 0 0 0 0 0 0 0 0 0 0 -0.0507043271172479 -7.84993723849372 0
"327" 1 0 0 0 0 0 0 0 0 0 0 0 1 0 0 0 0 0 0 0 0 0 0 0.0450207640282521 -6.59993723849372 0
"328" 1 0 0 0 0 0 0 0 0 0 0 0 1 0 0 0 0 0 0 0 0 0 0 -0.0400287625339479 -6.31993723849373 0
"329" 1 0 0 0 0 0 0 0 0 0 0 0 1 0 0 0 0 0 0 0 0 0 0 -0.0329704255547479 -5.47993723849373 0
"330" 1 0 0 0 0 0 0 0 0 0 0 0 1 0 0 0 0 0 0 0 0 0 0 0.0856875155912521 -4.81993723849373 0
"331" 1 0 0 0 0 0 0 0 0 0 0 0 1 0 0 0 0 0 0 0 0 0 0 -0.00507144951274792 -4.56993723849373 0
"332" 1 0 0 0 0 0 0 0 0 0 0 0 1 0 0 0 0 0 0 0 0 0 0 -0.0244308125339479 -4.50993723849372 0
"333" 1 0 0 0 0 0 0 0 0 0 0 0 1 0 0 0 0 0 0 0 0 0 0 -0.0389255802422479 -3.54993723849373 0
"334" 1 0 0 0 0 0 0 0 0 0 0 0 1 0 0 0 0 0 0 0 0 0 0 -0.0324958896172479 -3.29993723849373 0
"335" 1 0 0 0 0 0 0 0 0 0 0 0 1 0 0 0 0 0 0 0 0 0 0 0.0161456114242521 -2.26993723849372 0
"336" 1 0 0 0 0 0 0 0 0 0 0 0 1 0 0 0 0 0 0 0 0 0 0 -0.0637552047214479 -1.10993723849372 0
"337" 1 0 0 0 0 0 0 0 0 0 0 0 1 0 0 0 0 0 0 0 0 0 0 -0.0590064208672479 -0.949937238493725 0
"338" 1 0 0 0 0 0 0 0 0 0 0 0 1 0 0 0 0 0 0 0 0 0 0 -0.0481244682630479 0.0500627615062754 0
"339" 1 0 0 0 0 0 0 0 0 0 0 0 1 0 0 0 0 0 0 0 0 0 0 -0.0565380344089479 5.52006276150628 0
"340" 1 0 0 0 0 0 0 0 0 0 0 0 1 0 0 0 0 0 0 0 0 0 0 0.0271911213202521 6.18006276150627 0
"341" 1 0 0 0 0 0 0 0 0 0 0 0 1 0 0 0 0 0 0 0 0 0 0 0.0305961687162521 9.34006276150628 0
"342" 1 0 0 0 0 0 0 0 0 0 0 0 1 0 0 0 0 0 0 0 0 0 0 -0.0411395969089479 20.6200627615063 0
"343" 1 0 0 0 0 0 0 0 0 0 0 0 1 0 0 0 0 0 0 0 0 0 0 -0.0473060547214479 -7.53993723849372 1
"344" 1 0 0 0 0 0 0 0 0 0 0 0 1 0 0 0 0 0 0 0 0 0 0 -0.0494100437839479 -5.83993723849373 1
"345" 1 0 0 0 0 0 0 0 0 0 0 0 1 0 0 0 0 0 0 0 0 0 0 -0.0639433677422479 -5.74993723849373 1
"346" 1 0 0 0 0 0 0 0 0 0 0 0 1 0 0 0 0 0 0 0 0 0 0 0.0453219541332521 -5.41993723849372 1
"347" 1 0 0 0 0 0 0 0 0 0 0 0 1 0 0 0 0 0 0 0 0 0 0 0.0163140260082521 -5.15993723849373 1
"348" 1 0 0 0 0 0 0 0 0 0 0 0 1 0 0 0 0 0 0 0 0 0 0 -0.0569099729505479 -3.87993723849372 1
"349" 1 0 0 0 0 0 0 0 0 0 0 0 1 0 0 0 0 0 0 0 0 0 0 -0.00495035159674791 -2.74993723849373 1
"350" 1 0 0 0 0 0 0 0 0 0 0 0 1 0 0 0 0 0 0 0 0 0 0 -0.0154432568047479 -2.55993723849372 1
"351" 1 0 0 0 0 0 0 0 0 0 0 0 1 0 0 0 0 0 0 0 0 0 0 -0.0341162396172479 -2.20993723849373 1
"352" 1 0 0 0 0 0 0 0 0 0 0 0 1 0 0 0 0 0 0 0 0 0 0 0.0326949984032521 -2.18993723849372 1
"353" 1 0 0 0 0 0 0 0 0 0 0 0 1 0 0 0 0 0 0 0 0 0 0 0.0317546874662521 0.520062761506274 1
"354" 1 0 0 0 0 0 0 0 0 0 0 0 1 0 0 0 0 0 0 0 0 0 0 -0.0189825491484479 2.99006276150628 1
"355" 1 0 0 0 0 0 0 0 0 0 0 0 1 0 0 0 0 0 0 0 0 0 0 0.0509751916332521 4.30006276150628 1
"356" 1 0 0 0 0 0 0 0 0 0 0 0 1 0 0 0 0 0 0 0 0 0 0 0.119963475487252 5.65006276150627 1
"357" 1 0 0 0 0 0 0 0 0 0 0 0 1 0 0 0 0 0 0 0 0 0 0 -0.0421285729505479 6.46006276150628 1
"358" 1 0 0 0 0 0 0 0 0 0 0 0 1 0 0 0 0 0 0 0 0 0 0 0.0746905989242521 9.72006276150627 1
"359" 1 0 0 0 0 0 0 0 0 0 0 0 1 0 0 0 0 0 0 0 0 0 0 0.0336658202782521 11.6900627615063 1
"360" 1 0 0 0 0 0 0 0 0 0 0 0 1 0 0 0 0 0 0 0 0 0 0 0.124821103612252 12.8000627615063 1
"361" 1 0 0 0 0 0 0 0 0 0 0 0 1 0 0 0 0 0 0 0 0 0 0 0.0811859155912521 16.3700627615063 1
"362" 1 0 0 0 0 0 0 0 0 0 0 0 1 0 0 0 0 0 0 0 0 0 0 0.00672220048725208 17.3600627615063 1
"363" 1 0 0 0 0 0 0 0 0 0 0 0 1 0 0 0 0 0 0 0 0 0 0 -0.0126176682630479 18.0500627615063 1
"364" 1 0 0 0 0 0 0 0 0 0 0 0 1 0 0 0 0 0 0 0 0 0 0 0.0336618176742521 19.4400627615063 1
"365" 1 0 0 0 0 0 0 0 0 0 0 0 0 1 0 0 0 0 0 0 0 0 0 -0.0715520427154479 -7.53993723849372 0
"366" 1 0 0 0 0 0 0 0 0 0 0 0 0 1 0 0 0 0 0 0 0 0 0 -0.0291623284297479 -7.53993723849372 0
"367" 1 0 0 0 0 0 0 0 0 0 0 0 0 1 0 0 0 0 0 0 0 0 0 0.0736209127132521 -6.53993723849372 0
"368" 1 0 0 0 0 0 0 0 0 0 0 0 0 1 0 0 0 0 0 0 0 0 0 0.0150119904272521 -9.53993723849372 0
"369" 1 0 0 0 0 0 0 0 0 0 0 0 0 1 0 0 0 0 0 0 0 0 0 -0.0285230741440479 9.46006276150628 0
"370" 1 0 0 0 0 0 0 0 0 0 0 0 0 1 0 0 0 0 0 0 0 0 0 0.000158092713252081 -10.5399372384937 1
"371" 1 0 0 0 0 0 0 0 0 0 0 0 0 1 0 0 0 0 0 0 0 0 0 0.0687421544272521 5.46006276150628 1
"372" 1 0 0 0 0 0 0 0 0 0 0 0 0 1 0 0 0 0 0 0 0 0 0 -0.0697999261440479 11.4600627615063 1
"373" 1 0 0 0 0 0 0 0 0 0 0 0 0 1 0 0 0 0 0 0 0 0 0 -0.0572678335726479 11.4600627615063 1
"374" 1 0 0 0 0 0 0 0 0 0 0 0 0 0 0 1 0 0 0 0 0 0 0 0.115966243934252 19.4600627615063 0
"375" 1 0 0 0 0 0 0 0 0 0 0 0 0 0 0 1 0 0 0 0 0 0 0 0.127588564540252 16.4600627615063 1
"376" 1 0 0 0 0 0 0 0 0 0 0 0 0 0 0 1 0 0 0 0 0 0 0 0.130370692418252 0.460062761506276 1
"377" 1 0 0 0 0 0 0 0 0 0 0 0 0 0 0 1 0 0 0 0 0 0 0 -0.00633221849074792 9.46006276150628 1
"378" 1 0 0 0 0 0 0 0 0 0 0 0 0 0 0 1 0 0 0 0 0 0 0 0.317579299691252 23.4600627615063 1
"379" 1 0 0 0 0 0 0 0 0 0 0 0 0 0 0 1 0 0 0 0 0 0 0 0.0148761681762521 15.4600627615063 1
"380" 1 0 0 0 0 0 0 0 0 0 0 0 0 0 0 0 1 0 0 0 0 0 0 -0.0296867371665479 -2.53993723849372 0
"381" 1 0 0 0 0 0 0 0 0 0 0 0 0 0 0 0 1 0 0 0 0 0 0 0.0122595754652521 -2.53993723849372 0
"382" 1 0 0 0 0 0 0 0 0 0 0 0 0 0 0 0 1 0 0 0 0 0 0 0.0131221710182521 -8.53993723849372 0
"383" 1 0 0 0 0 0 0 0 0 0 0 0 0 0 0 0 1 0 0 0 0 0 0 0.0162027812542521 -4.53993723849372 1
"384" 1 0 0 0 0 0 0 0 0 0 0 0 0 0 0 0 1 0 0 0 0 0 0 0.109779217044252 -3.53993723849372 1
"385" 1 0 0 0 0 0 0 0 0 0 0 0 0 0 0 0 1 0 0 0 0 0 0 0.0472284728332521 -1.53993723849372 1
"386" 1 0 0 0 0 0 0 0 0 0 0 0 0 0 0 0 1 0 0 0 0 0 0 -0.00292772611374792 3.46006276150628 1
"387" 1 0 0 0 0 0 0 0 0 0 0 0 0 0 0 0 1 0 0 0 0 0 0 -0.000186805587747918 5.46006276150628 1
"388" 1 0 0 0 0 0 0 0 0 0 0 0 0 0 0 0 0 1 0 0 0 0 0 0.0886573556952521 1.46006276150628 0
"389" 1 0 0 0 0 0 0 0 0 0 0 0 0 0 0 0 0 0 1 0 0 0 0 0.244290037726252 48.4600627615063 0
"390" 1 0 0 0 0 0 0 0 0 0 0 0 0 0 0 0 0 0 1 0 0 0 0 0.0103080674142521 -5.53993723849372 0
"391" 1 0 0 0 0 0 0 0 0 0 0 0 0 0 0 0 0 0 1 0 0 0 0 -0.0163121907891479 16.4600627615063 0
"392" 1 0 0 0 0 0 0 0 0 0 0 0 0 0 0 0 0 0 1 0 0 0 0 -0.0303995134453479 -2.53993723849372 0
"393" 1 0 0 0 0 0 0 0 0 0 0 0 0 0 0 0 0 0 1 0 0 0 0 -0.0340794521172479 47.4600627615063 0
"394" 1 0 0 0 0 0 0 0 0 0 0 0 0 0 0 0 0 0 1 0 0 0 0 0.0963275896792521 21.4600627615063 0
"395" 1 0 0 0 0 0 0 0 0 0 0 0 0 0 0 0 0 0 1 0 0 0 0 0.00386036663325209 -9.53993723849372 0
"396" 1 0 0 0 0 0 0 0 0 0 0 0 0 0 0 0 0 0 1 0 0 0 0 0.144691907648252 26.4600627615063 0
"397" 1 0 0 0 0 0 0 0 0 0 0 0 0 0 0 0 0 0 1 0 0 0 0 -0.0143581470391479 1.46006276150628 0
"398" 1 0 0 0 0 0 0 0 0 0 0 0 0 0 0 0 0 0 1 0 0 0 0 0.00940905882025209 38.4600627615063 0
"399" 1 0 0 0 0 0 0 0 0 0 0 0 0 0 0 0 0 0 1 0 0 0 0 0.0606628924142521 24.4600627615063 0
"400" 1 0 0 0 0 0 0 0 0 0 0 0 0 0 0 0 0 0 1 0 0 0 0 -0.0571680794610479 0.460062761506276 0
"401" 1 0 0 0 0 0 0 0 0 0 0 0 0 0 0 0 0 0 1 0 0 0 0 -0.0679693993828479 2.46006276150628 0
"402" 1 0 0 0 0 0 0 0 0 0 0 0 0 0 0 0 0 0 1 0 0 1 0 0.00377606038225209 49.4600627615063 0
"403" 1 0 0 0 0 0 0 0 0 0 0 0 0 0 0 0 0 0 1 0 0 0 0 -0.0144244903984479 -7.53993723849372 0
"404" 1 0 0 0 0 0 0 0 0 0 0 0 0 0 0 0 0 0 1 0 0 0 0 -0.0774454839531479 -0.539937238493724 0
"405" 1 0 0 0 0 0 0 0 0 0 0 0 0 0 0 0 0 0 1 0 0 0 0 0.0484673381172521 7.46006276150628 0
"406" 1 0 0 0 0 0 0 0 0 0 0 0 0 0 0 0 0 0 1 0 0 0 0 0.0714855127262521 18.4600627615063 0
"407" 1 0 0 0 0 0 0 0 0 0 0 0 0 0 0 0 0 0 1 0 0 0 0 0.0753675346012521 42.4600627615063 0
"408" 1 0 0 0 0 0 0 0 0 0 0 0 0 0 0 0 0 0 1 0 0 0 0 0.0694288779612521 32.4600627615063 0
"409" 1 0 0 0 0 0 0 0 0 0 0 0 0 0 0 0 0 0 1 0 0 0 0 0.0135933763982521 21.4600627615063 0
"410" 1 0 0 0 0 0 0 0 0 0 0 0 0 0 0 0 0 0 1 0 0 0 0 -0.0174588939141479 -8.53993723849372 0
"411" 1 0 0 0 0 0 0 0 0 0 0 0 0 0 0 0 0 0 1 0 0 0 0 0.164823227179252 35.4600627615063 0
"412" 1 0 0 0 0 0 0 0 0 0 0 0 0 0 0 0 0 0 1 0 0 0 0 -0.0650196196953479 -2.53993723849372 0
"413" 1 0 0 0 0 0 0 0 0 0 0 0 0 0 0 0 0 0 1 0 0 0 0 -0.0296227153984479 -6.53993723849372 0
"414" 1 0 0 0 0 0 0 0 0 0 0 0 0 0 0 0 0 0 1 0 0 0 0 -0.0141349677422479 -10.5399372384937 1
"415" 1 0 0 0 0 0 0 0 0 0 0 0 0 0 0 0 0 0 1 0 0 0 0 -0.0529863943047479 -9.53993723849372 1
"416" 1 0 0 0 0 0 0 0 0 0 0 0 0 0 0 0 0 0 1 0 0 0 0 0.0656169736642521 -8.53993723849372 1
"417" 1 0 0 0 0 0 0 0 0 0 0 0 0 0 0 0 0 0 1 0 0 0 0 -0.0507937177422479 -7.53993723849372 1
"418" 1 0 0 0 0 0 0 0 0 0 0 0 0 0 0 0 0 0 1 0 0 0 0 0.0427785107732521 -7.53993723849372 1
"419" 1 0 0 0 0 0 0 0 0 0 0 0 0 0 0 0 0 0 1 0 0 0 0 -0.0369787747734479 -7.53993723849372 1
"420" 1 0 0 0 0 0 0 0 0 0 0 0 0 0 0 0 0 0 1 0 0 0 0 -0.0273575611016479 -6.53993723849372 1
"421" 1 0 0 0 0 0 0 0 0 0 0 0 0 0 0 0 0 0 1 0 0 0 0 0.0413815431952521 -5.53993723849372 1
"422" 1 0 0 0 0 0 0 0 0 0 0 0 0 0 0 0 0 0 1 0 0 0 0 -0.0580324018438479 -5.53993723849372 1
"423" 1 0 0 0 0 0 0 0 0 0 0 0 0 0 0 0 0 0 1 0 0 0 0 -0.0269859997735479 -5.53993723849372 1
"424" 1 0 0 0 0 0 0 0 0 0 0 0 0 0 0 0 0 0 1 0 0 0 0 0.0160233471012521 -4.53993723849372 1
"425" 1 0 0 0 0 0 0 0 0 0 0 0 0 0 0 0 0 0 1 0 0 0 0 -0.0225919333672479 -4.53993723849372 1
"426" 1 0 0 0 0 0 0 0 0 0 0 0 0 0 0 0 0 0 1 0 0 0 0 -0.000864561101747915 -2.53993723849372 1
"427" 1 0 0 0 0 0 0 0 0 0 0 0 0 0 0 0 0 0 1 0 0 0 0 0.195072295148252 -1.53993723849372 1
"428" 1 0 0 0 0 0 0 0 0 0 0 0 0 0 0 0 0 0 1 0 0 0 0 -0.0529409974297479 -0.539937238493724 1
"429" 1 0 0 0 0 0 0 0 0 0 0 0 0 0 0 0 0 0 1 0 0 0 0 0.00496280491425209 3.46006276150628 1
"430" 1 0 0 0 0 0 0 0 0 0 0 0 0 0 0 0 0 0 1 0 0 0 0 -0.0371269669610479 4.46006276150628 1
"431" 1 0 0 0 0 0 0 0 0 0 0 0 0 0 0 0 0 0 1 0 0 0 0 -0.0404709544610479 5.46006276150628 1
"432" 1 0 0 0 0 0 0 0 0 0 0 0 0 0 0 0 0 0 1 0 0 0 0 0.0648802400702521 8.46006276150628 1
"433" 1 0 0 0 0 0 0 0 0 0 0 0 0 0 0 0 0 0 1 0 0 0 0 0.157109343586252 9.46006276150628 1
"434" 1 0 0 0 0 0 0 0 0 0 0 0 0 0 0 0 0 0 1 0 0 0 0 -0.0316061071953479 12.4600627615063 1
"435" 1 0 0 0 0 0 0 0 0 0 0 0 0 0 0 0 0 0 1 0 0 0 0 0.104914607257252 12.4600627615063 1
"436" 1 0 0 0 0 0 0 0 0 0 0 0 0 0 0 0 0 0 1 0 0 0 0 -0.0470754946953479 12.4600627615063 1
"437" 1 0 0 0 0 0 0 0 0 0 0 0 0 0 0 0 0 0 1 0 0 0 0 -0.0124035118828479 13.4600627615063 1
"438" 1 0 0 0 0 0 0 0 0 0 0 0 0 0 0 0 0 0 1 0 0 0 0 0.0721534814762521 14.4600627615063 1
"439" 1 0 0 0 0 0 0 0 0 0 0 0 0 0 0 0 0 0 1 0 0 0 0 0.196502160383252 14.4600627615063 1
"440" 1 0 0 0 0 0 0 0 0 0 0 0 0 0 0 0 0 0 1 0 0 0 0 0.208856474836252 15.4600627615063 1
"441" 1 0 0 0 0 0 0 0 0 0 0 0 0 0 0 0 0 0 1 0 0 0 0 0.248427233429252 16.4600627615063 1
"442" 1 0 0 0 0 0 0 0 0 0 0 0 0 0 0 0 0 0 1 0 0 0 0 -0.0376170310235479 17.4600627615063 1
"443" 1 0 0 0 0 0 0 0 0 0 0 0 0 0 0 0 0 0 1 0 0 0 0 0.134464963898252 17.4600627615063 1
"444" 1 0 0 0 0 0 0 0 0 0 0 0 0 0 0 0 0 0 1 0 0 0 0 0.0569936506172521 22.4600627615063 1
"445" 1 0 0 0 0 0 0 0 0 0 0 0 0 0 0 0 0 0 1 0 0 0 0 0.104974947101252 25.4600627615063 1
"446" 1 0 0 0 0 0 0 0 0 0 0 0 0 0 0 0 0 0 1 0 0 0 0 0.110774870539252 25.4600627615063 1
"447" 1 0 0 0 0 0 0 0 0 0 0 0 0 0 0 0 0 0 1 0 0 0 0 0.326191459601252 28.4600627615063 1
"448" 1 0 0 0 0 0 0 0 0 0 0 0 0 0 0 0 0 0 1 0 0 0 0 -0.00889513102374791 31.4600627615063 1
"449" 1 0 0 0 0 0 0 0 0 0 0 0 0 0 0 0 0 0 1 0 0 0 0 0.111883391242252 35.4600627615063 1
"450" 1 0 0 0 0 0 0 0 0 0 0 0 0 0 0 0 0 0 1 0 0 0 0 0.137949108039252 38.4600627615063 1
"451" 1 0 0 0 0 0 0 0 0 0 0 0 0 0 0 0 0 0 1 0 0 0 0 -0.0499761728203479 39.4600627615063 1
"452" 1 0 0 0 0 0 0 0 0 0 0 0 0 0 0 0 0 0 1 0 0 0 0 0.0159128822582521 42.4600627615063 1
"453" 1 0 0 0 0 0 0 0 0 0 0 0 0 0 0 0 0 0 1 0 0 0 0 -0.0144306544609479 46.4600627615063 1
"454" 1 0 0 0 0 0 0 0 0 0 0 0 0 0 0 0 0 0 1 0 0 0 0 0.100937458429252 52.4600627615063 1
"455" 1 0 0 0 0 0 0 0 0 0 0 0 0 0 0 0 0 0 0 1 0 0 0 -0.00375623148474791 -7.53993723849372 0
"456" 1 0 0 0 0 0 0 0 0 0 0 0 0 0 0 0 0 0 0 1 0 0 0 -0.0342648385714479 -7.53993723849372 0
"457" 1 0 0 0 0 0 0 0 0 0 0 0 0 0 0 0 0 0 0 1 0 0 0 -0.0660378431384479 -5.53993723849372 0
"458" 1 0 0 0 0 0 0 0 0 0 0 0 0 0 0 0 0 0 0 1 0 0 0 -0.0318723047132479 -5.53993723849372 0
"459" 1 0 0 0 0 0 0 0 0 0 0 0 0 0 0 0 0 0 0 1 0 0 0 -0.0569965645557479 -2.53993723849372 0
"460" 1 0 0 0 0 0 0 0 0 0 0 0 0 0 0 0 0 0 0 1 0 0 0 -0.0189044149494479 -2.53993723849372 0
"461" 1 0 0 0 0 0 0 0 0 0 0 0 0 0 0 0 0 0 0 1 0 0 0 -0.0436152858155479 -0.539937238493724 0
"462" 1 0 0 0 0 0 0 0 0 0 0 0 0 0 0 0 0 0 0 1 0 0 0 -0.0377630204612479 -1.53993723849372 1
"463" 1 0 0 0 0 0 0 0 0 0 0 0 0 0 0 0 0 0 0 1 0 0 0 -0.00999296219374791 -5.53993723849372 1
"464" 1 0 0 0 0 0 0 0 0 0 0 0 0 0 0 0 0 0 0 1 0 0 0 0.0285815858382521 -2.53993723849372 1
"465" 1 0 0 0 0 0 0 0 0 0 0 0 0 0 0 0 0 0 0 1 0 0 0 -0.0296211558943479 -3.53993723849372 1
"466" 1 0 0 0 0 0 0 0 0 0 0 0 0 0 0 0 0 0 0 1 0 0 0 0.00201681182225209 -3.53993723849372 1
"467" 1 0 0 0 0 0 0 0 0 0 0 0 0 0 0 0 0 0 0 1 0 0 0 -0.00916985038274791 -2.53993723849372 1
"468" 1 0 0 0 0 0 0 0 0 0 0 0 0 0 0 0 0 0 0 0 1 1 0 0.0540755402542521 -8.53993723849372 0
"469" 1 0 0 0 0 0 0 0 0 0 0 0 0 0 0 0 0 0 0 0 1 1 0 0.101057660313252 -7.53993723849372 0
"470" 1 0 0 0 0 0 0 0 0 0 0 0 0 0 0 0 0 0 0 0 1 0 0 -0.00905107301974792 -6.53993723849372 0
"471" 1 0 0 0 0 0 0 0 0 0 0 0 0 0 0 0 0 0 0 0 1 1 0 0.00311433730525208 -5.53993723849372 0
"472" 1 0 0 0 0 0 0 0 0 0 0 0 0 0 0 0 0 0 0 0 1 0 0 -0.00810342877174791 -4.53993723849372 0
"473" 1 0 0 0 0 0 0 0 0 0 0 0 0 0 0 0 0 0 0 0 1 0 0 -0.0252478918987479 -8.53993723849372 1
"474" 1 0 0 0 0 0 0 0 0 0 0 0 0 0 0 0 0 0 0 0 1 0 0 -0.00847364706074791 -8.53993723849372 1
"475" 1 0 0 0 0 0 0 0 0 0 0 0 0 0 0 0 0 0 0 0 1 1 0 0.0523141650332521 -3.53993723849372 1
"476" 1 0 0 0 0 0 0 0 0 0 0 0 0 0 0 0 0 0 0 0 1 0 0 -0.0273264724297479 -1.53993723849372 1
"477" 1 0 0 0 0 0 0 0 0 0 0 0 0 0 0 0 0 0 0 0 1 0 0 -0.00750002304874792 7.46006276150628 1
"478" 1 0 0 0 0 0 0 0 0 0 0 0 0 0 0 0 0 0 0 0 1 1 0 0.141282660313252 11.4600627615063 1
