"(Intercept)" "siteBaltimore" "siteBangor" "siteBeijing A" "siteBeijing AEOEC" "siteBerlin" "siteCambridge" "siteCleveland" "siteIcbm" "siteLeiden A" "siteLeiden B" "siteMunchen" "siteNew York A" "siteNew York B" "siteNewark" "siteOrangeburg" "siteQueensland" "siteQuiron-Valencia" "siteRockland" "siteSaint Louis" "siteVirginia Tech" "runRun 2" "runRun 3" "mean_FD" "age" "sexMale"
"1" 1 0 0 0 0 0 0 0 0 0 0 0 0 0 0 0 0 0 0 0 0 0 0 -0.0336124240007948 -11.5335355648536 1
"2" 1 0 0 0 0 0 0 0 0 0 0 0 0 0 0 0 0 0 0 0 0 0 0 -0.0701909463736948 -8.07353556485355 1
"3" 1 1 0 0 0 0 0 0 0 0 0 0 0 0 0 0 0 0 0 0 0 0 0 0.0627138181216052 -2.53353556485355 0
"4" 1 1 0 0 0 0 0 0 0 0 0 0 0 0 0 0 0 0 0 0 0 0 0 0.0475750099916052 -5.53353556485355 0
"5" 1 1 0 0 0 0 0 0 0 0 0 0 0 0 0 0 0 0 0 0 0 0 0 -0.0190813095213948 10.4664644351464 0
"6" 1 1 0 0 0 0 0 0 0 0 0 0 0 0 0 0 0 0 0 0 0 0 0 0.0857252506416052 -2.53353556485355 0
"7" 1 1 0 0 0 0 0 0 0 0 0 0 0 0 0 0 0 0 0 0 0 0 0 0.0431175644626052 0.466464435146445 1
"8" 1 1 0 0 0 0 0 0 0 0 0 0 0 0 0 0 0 0 0 0 0 0 0 -0.0412430729355948 0.466464435146445 1
"9" 1 1 0 0 0 0 0 0 0 0 0 0 0 0 0 0 0 0 0 0 0 0 0 -0.0309226168380948 7.46646443514645 1
"10" 1 0 1 0 0 0 0 0 0 0 0 0 0 0 0 0 0 0 0 0 0 0 0 -0.0107575634953948 -8.53353556485355 1
"11" 1 0 1 0 0 0 0 0 0 0 0 0 0 0 0 0 0 0 0 0 0 0 0 0.0255976704666052 -10.5335355648536 1
"12" 1 0 1 0 0 0 0 0 0 0 0 0 0 0 0 0 0 0 0 0 0 0 0 0.0354718768816052 -10.5335355648536 1
"13" 1 0 1 0 0 0 0 0 0 0 0 0 0 0 0 0 0 0 0 0 0 0 0 0.0406104319766052 8.46646443514645 1
"14" 1 0 1 0 0 0 0 0 0 0 0 0 0 0 0 0 0 0 0 0 0 0 0 -0.0102821106653948 -6.53353556485355 1
"15" 1 0 1 0 0 0 0 0 0 0 0 0 0 0 0 0 0 0 0 0 0 0 0 0.104480196881605 -8.53353556485355 1
"16" 1 0 1 0 0 0 0 0 0 0 0 0 0 0 0 0 0 0 0 0 0 0 0 -0.0216629348162948 -7.53353556485355 1
"17" 1 0 0 1 0 0 0 0 0 0 0 0 0 0 0 0 0 0 0 0 0 0 0 -0.0461629544640948 -11.5335355648536 0
"18" 1 0 0 1 0 0 0 0 0 0 0 0 0 0 0 0 0 0 0 0 0 0 0 -0.0517351722417948 -11.5335355648536 0
"19" 1 0 0 1 0 0 0 0 0 0 0 0 0 0 0 0 0 0 0 0 0 0 0 -0.0242052584640948 -10.5335355648536 0
"20" 1 0 0 1 0 0 0 0 0 0 0 0 0 0 0 0 0 0 0 0 0 0 0 -0.0698748870862948 -10.5335355648536 0
"21" 1 0 0 1 0 0 0 0 0 0 0 0 0 0 0 0 0 0 0 0 0 0 0 -0.0653679904640948 -10.5335355648536 0
"22" 1 0 0 1 0 0 0 0 0 0 0 0 0 0 0 0 0 0 0 0 0 0 0 -0.0261583051306948 -10.5335355648536 0
"23" 1 0 0 1 0 0 0 0 0 0 0 0 0 0 0 0 0 0 0 0 0 0 0 -0.0649076931306948 -10.5335355648536 0
"24" 1 0 0 1 0 0 0 0 0 0 0 0 0 0 0 0 0 0 0 0 0 0 0 -0.0712707260195948 -10.5335355648536 0
"25" 1 0 0 1 0 0 0 0 0 0 0 0 0 0 0 0 0 0 0 0 0 0 0 -0.0438688819751948 -10.5335355648536 0
"26" 1 0 0 1 0 0 0 0 0 0 0 0 0 0 0 0 0 0 0 0 0 0 0 -0.0531705437973948 -10.5335355648536 0
"27" 1 0 0 1 0 0 0 0 0 0 0 0 0 0 0 0 0 0 0 0 0 0 0 0.0519527846466052 -9.53353556485355 0
"28" 1 0 0 1 0 0 0 0 0 0 0 0 0 0 0 0 0 0 0 0 0 0 0 -0.0601298909084948 -9.53353556485355 0
"29" 1 0 0 1 0 0 0 0 0 0 0 0 0 0 0 0 0 0 0 0 0 0 0 -0.0368227482417948 -9.53353556485355 0
"30" 1 0 0 1 0 0 0 0 0 0 0 0 0 0 0 0 0 0 0 0 0 0 0 -0.0272437380195948 -9.53353556485355 0
"31" 1 0 0 1 0 0 0 0 0 0 0 0 0 0 0 0 0 0 0 0 0 0 0 -0.0493092020195948 -9.53353556485355 0
"32" 1 0 0 1 0 0 0 0 0 0 0 0 0 0 0 0 0 0 0 0 0 0 0 0.0186654228696052 -9.53353556485355 0
"33" 1 0 0 1 0 0 0 0 0 0 0 0 0 0 0 0 0 0 0 0 0 0 0 0.0241391633136052 -9.53353556485355 0
"34" 1 0 0 1 0 0 0 0 0 0 0 0 0 0 0 0 0 0 0 0 0 0 0 0.0520016904246052 -9.53353556485355 0
"35" 1 0 0 1 0 0 0 0 0 0 0 0 0 0 0 0 0 0 0 0 0 0 0 -0.0385151892195948 -9.53353556485355 0
"36" 1 0 0 1 0 0 0 0 0 0 0 0 0 0 0 0 0 0 0 0 0 0 0 0.00710875798060523 -9.53353556485355 0
"37" 1 0 0 1 0 0 0 0 0 0 0 0 0 0 0 0 0 0 0 0 0 0 0 -0.0512494282417948 -9.53353556485355 0
"38" 1 0 0 1 0 0 0 0 0 0 0 0 0 0 0 0 0 0 0 0 0 0 0 -0.0654152442417948 -9.53353556485355 0
"39" 1 0 0 1 0 0 0 0 0 0 0 0 0 0 0 0 0 0 0 0 0 0 0 -0.0690003589973948 -9.53353556485355 0
"40" 1 0 0 1 0 0 0 0 0 0 0 0 0 0 0 0 0 0 0 0 0 0 0 -0.0686340673529948 -9.53353556485355 0
"41" 1 0 0 1 0 0 0 0 0 0 0 0 0 0 0 0 0 0 0 0 0 0 0 0.0403764317586052 -9.53353556485355 0
"42" 1 0 0 1 0 0 0 0 0 0 0 0 0 0 0 0 0 0 0 0 0 0 0 -0.0465878406862948 -8.53353556485355 0
"43" 1 0 0 1 0 0 0 0 0 0 0 0 0 0 0 0 0 0 0 0 0 0 0 0.0141703513136052 -8.53353556485355 0
"44" 1 0 0 1 0 0 0 0 0 0 0 0 0 0 0 0 0 0 0 0 0 0 0 -0.0664900020195948 -8.53353556485355 0
"45" 1 0 0 1 0 0 0 0 0 0 0 0 0 0 0 0 0 0 0 0 0 0 0 -0.0111038015753948 -8.53353556485355 0
"46" 1 0 0 1 0 0 0 0 0 0 0 0 0 0 0 0 0 0 0 0 0 0 0 0.0238029975356052 -8.53353556485355 0
"47" 1 0 0 1 0 0 0 0 0 0 0 0 0 0 0 0 0 0 0 0 0 0 0 -0.0577814300195948 -8.53353556485355 0
"48" 1 0 0 1 0 0 0 0 0 0 0 0 0 0 0 0 0 0 0 0 0 0 0 -0.0613056375751948 -8.53353556485355 0
"49" 1 0 0 1 0 0 0 0 0 0 0 0 0 0 0 0 0 0 0 0 0 0 0 -0.0644174451306948 -8.53353556485355 0
"50" 1 0 0 1 0 0 0 0 0 0 0 0 0 0 0 0 0 0 0 0 0 0 0 -0.0549558780195948 -8.53353556485355 0
"51" 1 0 0 1 0 0 0 0 0 0 0 0 0 0 0 0 0 0 0 0 0 0 0 -0.0446512917973948 -8.53353556485355 0
"52" 1 0 0 1 0 0 0 0 0 0 0 0 0 0 0 0 0 0 0 0 0 0 0 0.000399136202605233 -8.53353556485355 0
"53" 1 0 0 1 0 0 0 0 0 0 0 0 0 0 0 0 0 0 0 0 0 0 0 0.0410091010916052 -8.53353556485355 0
"54" 1 0 0 1 0 0 0 0 0 0 0 0 0 0 0 0 0 0 0 0 0 0 0 -0.0720584762417948 -7.53353556485355 0
"55" 1 0 0 1 0 0 0 0 0 0 0 0 0 0 0 0 0 0 0 0 0 0 0 -0.00589200646439476 -7.53353556485355 0
"56" 1 0 0 1 0 0 0 0 0 0 0 0 0 0 0 0 0 0 0 0 0 0 0 -0.0729868691306948 -7.53353556485355 0
"57" 1 0 0 1 0 0 0 0 0 0 0 0 0 0 0 0 0 0 0 0 0 0 0 -0.0291350362417948 -7.53353556485355 0
"58" 1 0 0 1 0 0 0 0 0 0 0 0 0 0 0 0 0 0 0 0 0 0 0 -0.0633757695751948 -7.53353556485355 0
"59" 1 0 0 1 0 0 0 0 0 0 0 0 0 0 0 0 0 0 0 0 0 0 0 0.114449249535605 -7.53353556485355 0
"60" 1 0 0 1 0 0 0 0 0 0 0 0 0 0 0 0 0 0 0 0 0 0 0 -0.0118553629083948 -7.53353556485355 0
"61" 1 0 0 1 0 0 0 0 0 0 0 0 0 0 0 0 0 0 0 0 0 0 0 -0.0577517175751948 -7.53353556485355 0
"62" 1 0 0 1 0 0 0 0 0 0 0 0 0 0 0 0 0 0 0 0 0 0 0 -0.0602792873529948 -6.53353556485355 0
"63" 1 0 0 1 0 0 0 0 0 0 0 0 0 0 0 0 0 0 0 0 0 0 0 -0.0568495215751948 -6.53353556485355 0
"64" 1 0 0 1 0 0 0 0 0 0 0 0 0 0 0 0 0 0 0 0 0 0 0 0.00308295531360524 -6.53353556485355 0
"65" 1 0 0 1 0 0 0 0 0 0 0 0 0 0 0 0 0 0 0 0 0 0 0 -0.0657316114417948 -6.53353556485355 0
"66" 1 0 0 1 0 0 0 0 0 0 0 0 0 0 0 0 0 0 0 0 0 0 0 -0.0673282602417948 -6.53353556485355 0
"67" 1 0 0 1 0 0 0 0 0 0 0 0 0 0 0 0 0 0 0 0 0 0 0 -0.0339098006862948 -6.53353556485355 0
"68" 1 0 0 1 0 0 0 0 0 0 0 0 0 0 0 0 0 0 0 0 0 0 0 -0.00400751935339476 -6.53353556485355 0
"69" 1 0 0 1 0 0 0 0 0 0 0 0 0 0 0 0 0 0 0 0 0 0 0 -0.0550083140195948 -5.53353556485355 0
"70" 1 0 0 1 0 0 0 0 0 0 0 0 0 0 0 0 0 0 0 0 0 0 0 -0.0176457829083948 -5.53353556485355 0
"71" 1 0 0 1 0 0 0 0 0 0 0 0 0 0 0 0 0 0 0 0 0 0 0 -0.0615100997973948 -5.53353556485355 0
"72" 1 0 0 1 0 0 0 0 0 0 0 0 0 0 0 0 0 0 0 0 0 0 0 -0.0813015522417948 -5.53353556485355 0
"73" 1 0 0 1 0 0 0 0 0 0 0 0 0 0 0 0 0 0 0 0 0 0 0 -0.0700391709084948 -4.53353556485355 0
"74" 1 0 0 1 0 0 0 0 0 0 0 0 0 0 0 0 0 0 0 0 0 0 0 -0.0548037509084948 -3.53353556485355 0
"75" 1 0 0 1 0 0 0 0 0 0 0 0 0 0 0 0 0 0 0 0 0 0 0 -0.0308182375751948 -3.53353556485355 0
"76" 1 0 0 1 0 0 0 0 0 0 0 0 0 0 0 0 0 0 0 0 0 0 0 -0.0450774593529948 -9.53353556485355 1
"77" 1 0 0 1 0 0 0 0 0 0 0 0 0 0 0 0 0 0 0 0 0 0 0 0.00799072464660525 -7.53353556485355 1
"78" 1 0 0 1 0 0 0 0 0 0 0 0 0 0 0 0 0 0 0 0 0 0 0 -0.0606417384640948 -7.53353556485355 1
"79" 1 0 0 1 0 0 0 0 0 0 0 0 0 0 0 0 0 0 0 0 0 0 0 -0.0127924215753948 -6.53353556485355 1
"80" 1 0 0 1 0 0 0 0 0 0 0 0 0 0 0 0 0 0 0 0 0 0 0 -0.0590054033529948 -10.5335355648536 1
"81" 1 0 0 1 0 0 0 0 0 0 0 0 0 0 0 0 0 0 0 0 0 0 0 0.0158237139806052 -7.53353556485355 1
"82" 1 0 0 1 0 0 0 0 0 0 0 0 0 0 0 0 0 0 0 0 0 0 0 -0.0701353477973948 -8.53353556485355 1
"83" 1 0 0 1 0 0 0 0 0 0 0 0 0 0 0 0 0 0 0 0 0 0 0 0.00767194998060525 -4.53353556485355 1
"84" 1 0 0 1 0 0 0 0 0 0 0 0 0 0 0 0 0 0 0 0 0 0 0 -0.0777832797084948 -9.53353556485355 1
"85" 1 0 0 1 0 0 0 0 0 0 0 0 0 0 0 0 0 0 0 0 0 0 0 -0.0590848864640948 -4.53353556485355 1
"86" 1 0 0 1 0 0 0 0 0 0 0 0 0 0 0 0 0 0 0 0 0 0 0 -0.0782394991751948 -8.53353556485355 1
"87" 1 0 0 1 0 0 0 0 0 0 0 0 0 0 0 0 0 0 0 0 0 0 0 0.00249927131360524 -11.5335355648536 1
"88" 1 0 0 1 0 0 0 0 0 0 0 0 0 0 0 0 0 0 0 0 0 0 0 -0.0800452137084948 -9.53353556485355 1
"89" 1 0 0 1 0 0 0 0 0 0 0 0 0 0 0 0 0 0 0 0 0 0 0 0.0576174477586052 -8.53353556485355 1
"90" 1 0 0 1 0 0 0 0 0 0 0 0 0 0 0 0 0 0 0 0 0 0 0 0.0196160019806052 -7.53353556485355 1
"91" 1 0 0 1 0 0 0 0 0 0 0 0 0 0 0 0 0 0 0 0 0 0 0 -0.000702062019394767 -8.53353556485355 1
"92" 1 0 0 1 0 0 0 0 0 0 0 0 0 0 0 0 0 0 0 0 0 0 0 -0.0389409553529948 -9.53353556485355 1
"93" 1 0 0 1 0 0 0 0 0 0 0 0 0 0 0 0 0 0 0 0 0 0 0 -0.0578792744640948 -11.5335355648536 1
"94" 1 0 0 1 0 0 0 0 0 0 0 0 0 0 0 0 0 0 0 0 0 0 0 0.0663091526466052 -11.5335355648536 1
"95" 1 0 0 1 0 0 0 0 0 0 0 0 0 0 0 0 0 0 0 0 0 0 0 -0.0400035166862948 -4.53353556485355 1
"96" 1 0 0 1 0 0 0 0 0 0 0 0 0 0 0 0 0 0 0 0 0 0 0 -0.0581778277973948 -3.53353556485355 1
"97" 1 0 0 1 0 0 0 0 0 0 0 0 0 0 0 0 0 0 0 0 0 0 0 0.00414158864660524 -10.5335355648536 1
"98" 1 0 0 1 0 0 0 0 0 0 0 0 0 0 0 0 0 0 0 0 0 0 0 -0.0302998415751948 -6.53353556485355 1
"99" 1 0 0 1 0 0 0 0 0 0 0 0 0 0 0 0 0 0 0 0 0 0 0 -0.0909089855751948 -7.53353556485355 1
"100" 1 0 0 1 0 0 0 0 0 0 0 0 0 0 0 0 0 0 0 0 0 0 0 -0.0424794837973948 -8.53353556485355 1
"101" 1 0 0 1 0 0 0 0 0 0 0 0 0 0 0 0 0 0 0 0 0 0 0 -0.0154602286863948 -11.5335355648536 1
"102" 1 0 0 1 0 0 0 0 0 0 0 0 0 0 0 0 0 0 0 0 0 0 0 0.0841314246466052 -8.53353556485355 1
"103" 1 0 0 1 0 0 0 0 0 0 0 0 0 0 0 0 0 0 0 0 0 0 0 0.00233537975860523 -10.5335355648536 1
"104" 1 0 0 1 0 0 0 0 0 0 0 0 0 0 0 0 0 0 0 0 0 0 0 -0.0475187166862948 -5.53353556485355 1
"105" 1 0 0 1 0 0 0 0 0 0 0 0 0 0 0 0 0 0 0 0 0 0 0 -0.0174898740193948 -8.53353556485355 1
"106" 1 0 0 1 0 0 0 0 0 0 0 0 0 0 0 0 0 0 0 0 0 0 0 0.0316267850916052 -8.53353556485355 1
"107" 1 0 0 1 0 0 0 0 0 0 0 0 0 0 0 0 0 0 0 0 0 0 0 -0.0613355909084948 -9.53353556485355 1
"108" 1 0 0 1 0 0 0 0 0 0 0 0 0 0 0 0 0 0 0 0 0 0 0 -0.0580031464640948 -5.53353556485355 1
"109" 1 0 0 1 0 0 0 0 0 0 0 0 0 0 0 0 0 0 0 0 0 0 0 -0.0671569460195948 -8.53353556485355 1
"110" 1 0 0 1 0 0 0 0 0 0 0 0 0 0 0 0 0 0 0 0 0 0 0 -0.0665938517973948 -10.5335355648536 1
"111" 1 0 0 0 1 0 0 0 0 0 0 0 0 0 0 0 0 0 0 0 0 0 0 -0.0346161405473948 -6.53353556485355 0
"112" 1 0 0 0 1 0 0 0 0 0 0 0 0 0 0 0 0 0 0 0 0 0 0 0.0271291407026052 -6.53353556485355 0
"113" 1 0 0 0 1 0 0 0 0 0 0 0 0 0 0 0 0 0 0 0 0 0 0 0.0609998861196052 -6.53353556485355 0
"114" 1 0 0 0 1 0 0 0 0 0 0 0 0 0 0 0 0 0 0 0 0 0 0 0.164474495285605 -8.53353556485355 0
"115" 1 0 0 0 1 0 0 0 0 0 0 0 0 0 0 0 0 0 0 0 0 0 0 -0.0567101305473948 -6.53353556485355 0
"116" 1 0 0 0 1 0 0 0 0 0 0 0 0 0 0 0 0 0 0 0 0 0 0 0.0463563198696052 -8.53353556485355 0
"117" 1 0 0 0 1 0 0 0 0 0 0 0 0 0 0 0 0 0 0 0 0 0 0 -0.0456005963806948 -6.53353556485355 0
"118" 1 0 0 0 1 0 0 0 0 0 0 0 0 0 0 0 0 0 0 0 0 0 0 -0.0106450622143948 -6.53353556485355 0
"119" 1 0 0 0 1 0 0 0 0 0 0 0 0 0 0 0 0 0 0 0 0 0 0 -0.0809885763390948 -9.53353556485355 0
"120" 1 0 0 0 1 0 0 0 0 0 0 0 0 0 0 0 0 0 0 0 0 0 0 -0.0848480251306948 -9.53353556485355 0
"121" 1 0 0 0 1 0 0 0 0 0 0 0 0 0 0 0 0 0 0 0 0 0 0 0.0755797286196052 -10.5335355648536 1
"122" 1 0 0 0 1 0 0 0 0 0 0 0 0 0 0 0 0 0 0 0 0 0 0 -0.0494366055473948 -9.53353556485355 1
"123" 1 0 0 0 1 0 0 0 0 0 0 0 0 0 0 0 0 0 0 0 0 0 0 0.00292844903560524 -8.53353556485355 1
"124" 1 0 0 0 1 0 0 0 0 0 0 0 0 0 0 0 0 0 0 0 0 0 0 -0.0750217651306948 -7.53353556485355 1
"125" 1 0 0 0 1 0 0 0 0 0 0 0 0 0 0 0 0 0 0 0 0 0 0 -0.0406682822140948 -7.53353556485355 1
"126" 1 0 0 0 1 0 0 0 0 0 0 0 0 0 0 0 0 0 0 0 0 0 0 -0.0229313113806948 -6.53353556485355 1
"127" 1 0 0 0 1 0 0 0 0 0 0 0 0 0 0 0 0 0 0 0 0 0 0 0.0498171148696052 -6.53353556485355 1
"128" 1 0 0 0 1 0 0 0 0 0 0 0 0 0 0 0 0 0 0 0 0 0 0 -0.0695737984640948 -6.53353556485355 1
"129" 1 0 0 0 1 0 0 0 0 0 0 0 0 0 0 0 0 0 0 0 0 0 0 0.00740996361960525 -5.53353556485355 1
"130" 1 0 0 0 1 0 0 0 0 0 0 0 0 0 0 0 0 0 0 0 0 0 0 -0.0547214984640948 -5.53353556485355 1
"131" 1 0 0 0 1 0 0 0 0 0 0 0 0 0 0 0 0 0 0 0 0 0 0 -0.0333025338806948 -4.53353556485355 1
"132" 1 0 0 0 0 1 0 0 0 0 0 0 0 0 0 0 0 0 0 0 0 1 0 -0.0710778074095948 -6.54353556485356 0
"133" 1 0 0 0 0 1 0 0 0 0 0 0 0 0 0 0 0 0 0 0 0 0 0 -0.0471575989768948 -6.53353556485355 0
"134" 1 0 0 0 0 1 0 0 0 0 0 0 0 0 0 0 0 0 0 0 0 0 0 -0.0766602386691948 -5.53353556485355 0
"135" 1 0 0 0 0 1 0 0 0 0 0 0 0 0 0 0 0 0 0 0 0 0 0 -0.0421324343614948 -5.53353556485355 0
"136" 1 0 0 0 0 1 0 0 0 0 0 0 0 0 0 0 0 0 0 0 0 0 0 -0.0176750625663948 -3.53353556485355 0
"137" 1 0 0 0 0 1 0 0 0 0 0 0 0 0 0 0 0 0 0 0 0 0 0 -0.0518344738486948 -3.53353556485355 0
"138" 1 0 0 0 0 1 0 0 0 0 0 0 0 0 0 0 0 0 0 0 0 1 0 -0.0289448900626948 -3.47353556485356 0
"139" 1 0 0 0 0 1 0 0 0 0 0 0 0 0 0 0 0 0 0 0 0 1 0 -0.0523876308789948 -2.89353556485355 0
"140" 1 0 0 0 0 1 0 0 0 0 0 0 0 0 0 0 0 0 0 0 0 0 0 -0.0504107338486948 -2.53353556485355 0
"141" 1 0 0 0 0 1 0 0 0 0 0 0 0 0 0 0 0 0 0 0 0 0 0 -0.0414874112845948 -2.53353556485355 0
"142" 1 0 0 0 0 1 0 0 0 0 0 0 0 0 0 0 0 0 0 0 0 0 0 -0.0420651543614948 -1.53353556485355 0
"143" 1 0 0 0 0 1 0 0 0 0 0 0 0 0 0 0 0 0 0 0 0 0 0 -0.0696005176136948 -0.963535564853554 0
"144" 1 0 0 0 0 1 0 0 0 0 0 0 0 0 0 0 0 0 0 0 0 1 0 -0.0468894004197948 -0.193535564853555 0
"145" 1 0 0 0 0 1 0 0 0 0 0 0 0 0 0 0 0 0 0 0 0 1 0 -0.0142100893993948 0.906464435146447 0
"146" 1 0 0 0 0 1 0 0 0 0 0 0 0 0 0 0 0 0 0 0 0 1 0 -0.0499605211851948 1.12646443514645 0
"147" 1 0 0 0 0 1 0 0 0 0 0 0 0 0 0 0 0 0 0 0 0 0 0 -0.0462848010281948 2.46646443514645 0
"148" 1 0 0 0 0 1 0 0 0 0 0 0 0 0 0 0 0 0 0 0 0 0 0 0.00775634871560524 7.46646443514645 0
"149" 1 0 0 0 0 1 0 0 0 0 0 0 0 0 0 0 0 0 0 0 0 1 0 -0.0541189074095948 13.0964644351464 0
"150" 1 0 0 0 0 1 0 0 0 0 0 0 0 0 0 0 0 0 0 0 0 1 0 -0.0705032461851948 19.8364644351464 0
"151" 1 0 0 0 0 1 0 0 0 0 0 0 0 0 0 0 0 0 0 0 0 0 0 0.0181231186106052 5.18646443514644 1
"152" 1 0 0 0 0 1 0 0 0 0 0 0 0 0 0 0 0 0 0 0 0 1 0 -0.0195978344503948 -1.82353556485355 1
"153" 1 0 0 0 0 1 0 0 0 0 0 0 0 0 0 0 0 0 0 0 0 1 0 -0.0551741002667948 6.71646443514645 1
"154" 1 0 0 0 0 1 0 0 0 0 0 0 0 0 0 0 0 0 0 0 0 0 0 -0.0151577344503948 -1.26353556485356 1
"155" 1 0 0 0 0 1 0 0 0 0 0 0 0 0 0 0 0 0 0 0 0 0 0 -0.0298277964127948 4.46646443514645 1
"156" 1 0 0 0 0 1 0 0 0 0 0 0 0 0 0 0 0 0 0 0 0 0 0 -0.0663997697460948 -0.533535564853555 1
"157" 1 0 0 0 0 1 0 0 0 0 0 0 0 0 0 0 0 0 0 0 0 1 0 -0.0391670803687948 5.64646443514645 1
"158" 1 0 0 0 0 1 0 0 0 0 0 0 0 0 0 0 0 0 0 0 0 0 0 -0.0719252727157948 -5.91353556485355 1
"159" 1 0 0 0 0 1 0 0 0 0 0 0 0 0 0 0 0 0 0 0 0 1 0 -0.0228567222055948 0.776464435146444 1
"160" 1 0 0 0 0 1 0 0 0 0 0 0 0 0 0 0 0 0 0 0 0 1 0 -0.0775949251646948 13.9964644351464 1
"161" 1 0 0 0 0 1 0 0 0 0 0 0 0 0 0 0 0 0 0 0 0 0 0 -0.0660720461851948 1.41646443514644 1
"162" 1 0 0 0 0 1 0 0 0 0 0 0 0 0 0 0 0 0 0 0 0 0 0 -0.0140420851303948 -1.53353556485355 1
"163" 1 0 0 0 0 1 0 0 0 0 0 0 0 0 0 0 0 0 0 0 0 0 0 0.00633825794660522 7.46646443514645 1
"164" 1 0 0 0 0 1 0 0 0 0 0 0 0 0 0 0 0 0 0 0 0 0 0 -0.0349524752667948 -1.07353556485355 1
"165" 1 0 0 0 0 1 0 0 0 0 0 0 0 0 0 0 0 0 0 0 0 1 0 -0.0616681681238948 4.05646443514645 1
"166" 1 0 0 0 0 1 0 0 0 0 0 0 0 0 0 0 0 0 0 0 0 0 0 -0.0457976071819948 14.4664644351464 1
"167" 1 0 0 0 0 1 0 0 0 0 0 0 0 0 0 0 0 0 0 0 0 0 0 -0.0510425353870948 1.46646443514645 1
"168" 1 0 0 0 0 1 0 0 0 0 0 0 0 0 0 0 0 0 0 0 0 1 0 -0.00090056761339477 0.416464435146445 1
"169" 1 0 0 0 0 0 1 0 0 0 0 0 0 0 0 0 0 0 0 0 0 0 0 -0.0684198316292948 -11.5335355648536 0
"170" 1 0 0 0 0 0 1 0 0 0 0 0 0 0 0 0 0 0 0 0 0 0 0 -0.0526709728057948 -11.5335355648536 0
"171" 1 0 0 0 0 0 1 0 0 0 0 0 0 0 0 0 0 0 0 0 0 0 0 -0.00379403583139476 -11.5335355648536 0
"172" 1 0 0 0 0 0 1 0 0 0 0 0 0 0 0 0 0 0 0 0 0 0 0 0.0343188095476052 -11.5335355648536 0
"173" 1 0 0 0 0 0 1 0 0 0 0 0 0 0 0 0 0 0 0 0 0 0 0 0.0187302692106052 -11.5335355648536 0
"174" 1 0 0 0 0 0 1 0 0 0 0 0 0 0 0 0 0 0 0 0 0 0 0 -0.0342120862511948 -11.5335355648536 0
"175" 1 0 0 0 0 0 1 0 0 0 0 0 0 0 0 0 0 0 0 0 0 0 0 -0.0320985274276948 -11.5335355648536 0
"176" 1 0 0 0 0 0 1 0 0 0 0 0 0 0 0 0 0 0 0 0 0 0 0 -0.0595118265872948 -10.5335355648536 0
"177" 1 0 0 0 0 0 1 0 0 0 0 0 0 0 0 0 0 0 0 0 0 0 0 -0.0634488887721948 -10.5335355648536 0
"178" 1 0 0 0 0 0 1 0 0 0 0 0 0 0 0 0 0 0 0 0 0 0 0 -0.0575090652427948 -10.5335355648536 0
"179" 1 0 0 0 0 0 1 0 0 0 0 0 0 0 0 0 0 0 0 0 0 0 0 -0.0615603299486948 -10.5335355648536 0
"180" 1 0 0 0 0 0 1 0 0 0 0 0 0 0 0 0 0 0 0 0 0 0 0 0.0173427145896052 -10.5335355648536 0
"181" 1 0 0 0 0 0 1 0 0 0 0 0 0 0 0 0 0 0 0 0 0 0 0 -0.0486450190242948 -10.5335355648536 0
"182" 1 0 0 0 0 0 1 0 0 0 0 0 0 0 0 0 0 0 0 0 0 0 0 -0.00441020389839476 -10.5335355648536 0
"183" 1 0 0 0 0 0 1 0 0 0 0 0 0 0 0 0 0 0 0 0 0 0 0 -0.0452068484360948 -10.5335355648536 0
"184" 1 0 0 0 0 0 1 0 0 0 0 0 0 0 0 0 0 0 0 0 0 0 0 -0.0693529291082948 -10.5335355648536 0
"185" 1 0 0 0 0 0 1 0 0 0 0 0 0 0 0 0 0 0 0 0 0 0 0 -0.0568850164191948 -9.53353556485355 0
"186" 1 0 0 0 0 0 1 0 0 0 0 0 0 0 0 0 0 0 0 0 0 0 0 -0.0793343422175948 -9.53353556485355 0
"187" 1 0 0 0 0 0 1 0 0 0 0 0 0 0 0 0 0 0 0 0 0 0 0 -0.0804558430578948 -9.53353556485355 0
"188" 1 0 0 0 0 0 1 0 0 0 0 0 0 0 0 0 0 0 0 0 0 0 0 -0.0764550988561948 -9.53353556485355 0
"189" 1 0 0 0 0 0 1 0 0 0 0 0 0 0 0 0 0 0 0 0 0 0 0 -0.0465747912931948 -9.53353556485355 0
"190" 1 0 0 0 0 0 1 0 0 0 0 0 0 0 0 0 0 0 0 0 0 0 0 -0.0226210904528948 -9.53353556485355 0
"191" 1 0 0 0 0 0 1 0 0 0 0 0 0 0 0 0 0 0 0 0 0 0 0 -0.0524936543183948 -9.53353556485355 0
"192" 1 0 0 0 0 0 1 0 0 0 0 0 0 0 0 0 0 0 0 0 0 0 0 -0.0630788123015948 -9.53353556485355 0
"193" 1 0 0 0 0 0 1 0 0 0 0 0 0 0 0 0 0 0 0 0 0 0 0 -0.0484661165032948 -9.53353556485355 0
"194" 1 0 0 0 0 0 1 0 0 0 0 0 0 0 0 0 0 0 0 0 0 0 0 -0.0528625602007948 -9.53353556485355 0
"195" 1 0 0 0 0 0 1 0 0 0 0 0 0 0 0 0 0 0 0 0 0 0 0 -0.0838350225536948 -9.53353556485355 0
"196" 1 0 0 0 0 0 1 0 0 0 0 0 0 0 0 0 0 0 0 0 0 0 0 -0.0579183795284948 -9.53353556485355 0
"197" 1 0 0 0 0 0 1 0 0 0 0 0 0 0 0 0 0 0 0 0 0 0 0 -0.0533055509570948 -9.53353556485355 0
"198" 1 0 0 0 0 0 1 0 0 0 0 0 0 0 0 0 0 0 0 0 0 0 0 -0.0680773492763948 -8.53353556485355 0
"199" 1 0 0 0 0 0 1 0 0 0 0 0 0 0 0 0 0 0 0 0 0 0 0 -0.0736934596124948 -8.53353556485355 0
"200" 1 0 0 0 0 0 1 0 0 0 0 0 0 0 0 0 0 0 0 0 0 0 0 -0.0605257442343948 -8.53353556485355 0
"201" 1 0 0 0 0 0 1 0 0 0 0 0 0 0 0 0 0 0 0 0 0 0 0 -0.0746340055788948 -8.53353556485355 0
"202" 1 0 0 0 0 0 1 0 0 0 0 0 0 0 0 0 0 0 0 0 0 0 0 0.0772218498836052 -8.53353556485355 0
"203" 1 0 0 0 0 0 1 0 0 0 0 0 0 0 0 0 0 0 0 0 0 0 0 0.0124653498836052 -8.53353556485355 0
"204" 1 0 0 0 0 0 1 0 0 0 0 0 0 0 0 0 0 0 0 0 0 0 0 -0.0525582719654948 -8.53353556485355 0
"205" 1 0 0 0 0 0 1 0 0 0 0 0 0 0 0 0 0 0 0 0 0 0 0 -0.0650303072595948 -8.53353556485355 0
"206" 1 0 0 0 0 0 1 0 0 0 0 0 0 0 0 0 0 0 0 0 0 0 0 0.0157441011436052 -8.53353556485355 0
"207" 1 0 0 0 0 0 1 0 0 0 0 0 0 0 0 0 0 0 0 0 0 0 0 0.0738650187906052 -7.53353556485355 0
"208" 1 0 0 0 0 0 1 0 0 0 0 0 0 0 0 0 0 0 0 0 0 0 0 -0.0592654148225948 -7.53353556485355 0
"209" 1 0 0 0 0 0 1 0 0 0 0 0 0 0 0 0 0 0 0 0 0 0 0 -0.0650929444864948 -7.53353556485355 0
"210" 1 0 0 0 0 0 1 0 0 0 0 0 0 0 0 0 0 0 0 0 0 0 0 -0.0578505198645948 -7.53353556485355 0
"211" 1 0 0 0 0 0 1 0 0 0 0 0 0 0 0 0 0 0 0 0 0 0 0 -0.0739019173435948 -7.53353556485355 0
"212" 1 0 0 0 0 0 1 0 0 0 0 0 0 0 0 0 0 0 0 0 0 0 0 0.0187146246736052 -7.53353556485355 0
"213" 1 0 0 0 0 0 1 0 0 0 0 0 0 0 0 0 0 0 0 0 0 0 0 -0.0619054761670948 -7.53353556485355 0
"214" 1 0 0 0 0 0 1 0 0 0 0 0 0 0 0 0 0 0 0 0 0 0 0 0.0292942683706052 -6.53353556485355 0
"215" 1 0 0 0 0 0 1 0 0 0 0 0 0 0 0 0 0 0 0 0 0 0 0 -0.0615944400326948 -6.53353556485355 0
"216" 1 0 0 0 0 0 1 0 0 0 0 0 0 0 0 0 0 0 0 0 0 0 0 -0.0661266502007948 -6.53353556485355 0
"217" 1 0 0 0 0 0 1 0 0 0 0 0 0 0 0 0 0 0 0 0 0 0 0 -0.00801127364639477 -6.53353556485355 0
"218" 1 0 0 0 0 0 1 0 0 0 0 0 0 0 0 0 0 0 0 0 0 0 0 -0.0225453912931948 -6.53353556485355 0
"219" 1 0 0 0 0 0 1 0 0 0 0 0 0 0 0 0 0 0 0 0 0 0 0 -0.0576889618813948 -6.53353556485355 0
"220" 1 0 0 0 0 0 1 0 0 0 0 0 0 0 0 0 0 0 0 0 0 0 0 -0.0538791887721948 -6.53353556485355 0
"221" 1 0 0 0 0 0 1 0 0 0 0 0 0 0 0 0 0 0 0 0 0 0 0 -0.0774201761670948 -5.53353556485355 0
"222" 1 0 0 0 0 0 1 0 0 0 0 0 0 0 0 0 0 0 0 0 0 0 0 -0.0517211165032948 -4.53353556485355 0
"223" 1 0 0 0 0 0 1 0 0 0 0 0 0 0 0 0 0 0 0 0 0 0 0 -0.0485036812091948 -4.53353556485355 0
"224" 1 0 0 0 0 0 1 0 0 0 0 0 0 0 0 0 0 0 0 0 0 0 0 -0.0632972652427948 -3.53353556485355 0
"225" 1 0 0 0 0 0 1 0 0 0 0 0 0 0 0 0 0 0 0 0 0 0 0 -0.0333877223855948 -3.53353556485355 0
"226" 1 0 0 0 0 0 1 0 0 0 0 0 0 0 0 0 0 0 0 0 0 0 0 0.0340309305556052 -3.53353556485355 0
"227" 1 0 0 0 0 0 1 0 0 0 0 0 0 0 0 0 0 0 0 0 0 0 0 -0.0578299711250948 0.466464435146445 0
"228" 1 0 0 0 0 0 1 0 0 0 0 0 0 0 0 0 0 0 0 0 0 0 0 -0.0634002375116948 -7.53353556485355 1
"229" 1 0 0 0 0 0 1 0 0 0 0 0 0 0 0 0 0 0 0 0 0 0 0 -0.00361546524239477 -9.53353556485355 1
"230" 1 0 0 0 0 0 1 0 0 0 0 0 0 0 0 0 0 0 0 0 0 0 0 0.0433829498836052 -9.53353556485355 1
"231" 1 0 0 0 0 0 1 0 0 0 0 0 0 0 0 0 0 0 0 0 0 0 0 0.0979718397996052 -9.53353556485355 1
"232" 1 0 0 0 0 0 1 0 0 0 0 0 0 0 0 0 0 0 0 0 0 0 0 -0.0454171929738948 -7.53353556485355 1
"233" 1 0 0 0 0 0 1 0 0 0 0 0 0 0 0 0 0 0 0 0 0 0 0 -0.00214274675539476 -0.533535564853555 1
"234" 1 0 0 0 0 0 1 0 0 0 0 0 0 0 0 0 0 0 0 0 0 0 0 -0.0585375022175948 -6.53353556485355 1
"235" 1 0 0 0 0 0 1 0 0 0 0 0 0 0 0 0 0 0 0 0 0 0 0 -0.0370672467553948 -11.5335355648536 1
"236" 1 0 0 0 0 0 1 0 0 0 0 0 0 0 0 0 0 0 0 0 0 0 0 0.0889008330766052 -9.53353556485355 1
"237" 1 0 0 0 0 0 1 0 0 0 0 0 0 0 0 0 0 0 0 0 0 0 0 0.00464796248860525 -8.53353556485355 1
"238" 1 0 0 0 0 0 1 0 0 0 0 0 0 0 0 0 0 0 0 0 0 0 0 -0.0673096686040948 -7.53353556485355 1
"239" 1 0 0 0 0 0 1 0 0 0 0 0 0 0 0 0 0 0 0 0 0 0 0 -0.0637687980158948 -10.5335355648536 1
"240" 1 0 0 0 0 0 1 0 0 0 0 0 0 0 0 0 0 0 0 0 0 0 0 -0.0478951837301948 -9.53353556485355 1
"241" 1 0 0 0 0 0 1 0 0 0 0 0 0 0 0 0 0 0 0 0 0 0 0 0.0606757339166052 -10.5335355648536 1
"242" 1 0 0 0 0 0 1 0 0 0 0 0 0 0 0 0 0 0 0 0 0 0 0 0.0235260524046052 -10.5335355648536 1
"243" 1 0 0 0 0 0 1 0 0 0 0 0 0 0 0 0 0 0 0 0 0 0 0 0.0203220145896052 -9.53353556485355 1
"244" 1 0 0 0 0 0 1 0 0 0 0 0 0 0 0 0 0 0 0 0 0 0 0 -0.0420574299486948 -7.53353556485355 1
"245" 1 0 0 0 0 0 1 0 0 0 0 0 0 0 0 0 0 0 0 0 0 0 0 -0.0249637030578948 -9.53353556485355 1
"246" 1 0 0 0 0 0 1 0 0 0 0 0 0 0 0 0 0 0 0 0 0 0 0 -0.0115763190243948 -11.5335355648536 1
"247" 1 0 0 0 0 0 1 0 0 0 0 0 0 0 0 0 0 0 0 0 0 0 0 0.00604825156360522 -11.5335355648536 1
"248" 1 0 0 0 0 0 1 0 0 0 0 0 0 0 0 0 0 0 0 0 0 0 0 -0.0128551190243948 -8.53353556485355 1
"249" 1 0 0 0 0 0 1 0 0 0 0 0 0 0 0 0 0 0 0 0 0 0 0 0.0434749053456052 0.466464435146445 1
"250" 1 0 0 0 0 0 1 0 0 0 0 0 0 0 0 0 0 0 0 0 0 0 0 -0.0489045198645948 -6.53353556485355 1
"251" 1 0 0 0 0 0 1 0 0 0 0 0 0 0 0 0 0 0 0 0 0 0 0 -0.0237485072595948 -9.53353556485355 1
"252" 1 0 0 0 0 0 1 0 0 0 0 0 0 0 0 0 0 0 0 0 0 0 0 0.00884075156360523 -6.53353556485355 1
"253" 1 0 0 0 0 0 1 0 0 0 0 0 0 0 0 0 0 0 0 0 0 0 0 -0.0588787417133948 -9.53353556485355 1
"254" 1 0 0 0 0 0 1 0 0 0 0 0 0 0 0 0 0 0 0 0 0 0 0 0.0408217305556052 -8.53353556485355 1
"255" 1 0 0 0 0 0 1 0 0 0 0 0 0 0 0 0 0 0 0 0 0 0 0 0.0659259297156052 -4.53353556485355 1
"256" 1 0 0 0 0 0 1 0 0 0 0 0 0 0 0 0 0 0 0 0 0 0 0 -0.0205127349903948 -9.53353556485355 1
"257" 1 0 0 0 0 0 1 0 0 0 0 0 0 0 0 0 0 0 0 0 0 0 0 -0.0416206744864948 -10.5335355648536 1
"258" 1 0 0 0 0 0 1 0 0 0 0 0 0 0 0 0 0 0 0 0 0 0 0 -0.0292880879318948 -7.53353556485355 1
"259" 1 0 0 0 0 0 1 0 0 0 0 0 0 0 0 0 0 0 0 0 0 0 0 -0.0271989988561948 -8.53353556485355 1
"260" 1 0 0 0 0 0 1 0 0 0 0 0 0 0 0 0 0 0 0 0 0 0 0 -0.0501116333099948 -7.53353556485355 1
"261" 1 0 0 0 0 0 0 1 0 0 0 0 0 0 0 0 0 0 0 0 0 0 0 -0.00286947699439477 11.4664644351464 0
"262" 1 0 0 0 0 0 0 1 0 0 0 0 0 0 0 0 0 0 0 0 0 0 0 0.0243625434786052 30.4664644351464 0
"263" 1 0 0 0 0 0 0 1 0 0 0 0 0 0 0 0 0 0 0 0 0 0 0 0.324128415919605 27.4664644351464 0
"264" 1 0 0 0 0 0 0 1 0 0 0 0 0 0 0 0 0 0 0 0 0 0 0 0.0750064812736052 -1.53353556485355 0
"265" 1 0 0 0 0 0 0 1 0 0 0 0 0 0 0 0 0 0 0 0 0 0 0 0.0666333686746052 -5.53353556485355 0
"266" 1 0 0 0 0 0 0 1 0 0 0 0 0 0 0 0 0 0 0 0 0 0 0 0.150673195446605 0.466464435146445 0
"267" 1 0 0 0 0 0 0 1 0 0 0 0 0 0 0 0 0 0 0 0 0 0 0 0.474892304108605 27.4664644351464 0
"268" 1 0 0 0 0 0 0 1 0 0 0 0 0 0 0 0 0 0 0 0 0 0 0 0.414908978911605 9.46646443514645 0
"269" 1 0 0 0 0 0 0 1 0 0 0 0 0 0 0 0 0 0 0 0 0 0 0 0.232819552139605 27.4664644351464 0
"270" 1 0 0 0 0 0 0 1 0 0 0 0 0 0 0 0 0 0 0 0 0 0 0 0.460936112769605 21.4664644351464 1
"271" 1 0 0 0 0 0 0 1 0 0 0 0 0 0 0 0 0 0 0 0 0 0 0 0.603891633241605 18.4664644351464 1
"272" 1 0 0 0 0 0 0 1 0 0 0 0 0 0 0 0 0 0 0 0 0 0 0 0.184327860013605 0.466464435146445 1
"273" 1 0 0 0 0 0 0 0 1 0 0 0 0 0 0 0 0 0 0 0 0 1 0 0.00291930367160523 30.4664644351464 0
"274" 1 0 0 0 0 0 0 0 1 0 0 0 0 0 0 0 0 0 0 0 0 0 0 0.0385067974216052 5.46646443514645 0
"275" 1 0 0 0 0 0 0 0 1 0 0 0 0 0 0 0 0 0 0 0 0 0 0 0.124588975546605 18.4664644351464 0
"276" 1 0 0 0 0 0 0 0 1 0 0 0 0 0 0 0 0 0 0 0 0 1 0 0.0300292450776052 32.4664644351464 0
"277" 1 0 0 0 0 0 0 0 1 0 0 0 0 0 0 0 0 0 0 0 0 1 0 0.0161072052336052 16.4664644351464 0
"278" 1 0 0 0 0 0 0 0 1 0 0 0 0 0 0 0 0 0 0 0 0 0 0 -0.00223382367239476 -8.53353556485355 0
"279" 1 0 0 0 0 0 0 0 1 0 0 0 0 0 0 0 0 0 0 0 0 1 0 -0.0241049346098948 20.4664644351464 0
"280" 1 0 0 0 0 0 0 0 1 0 0 0 0 0 0 0 0 0 0 0 0 1 0 0.0448313880466052 49.4664644351464 0
"281" 1 0 0 0 0 0 0 0 1 0 0 0 0 0 0 0 0 0 0 0 0 0 1 -0.0491589908598948 -4.53353556485355 0
"282" 1 0 0 0 0 0 0 0 1 0 0 0 0 0 0 0 0 0 0 0 0 0 1 -0.0184963721093948 -6.53353556485355 0
"283" 1 0 0 0 0 0 0 0 1 0 0 0 0 0 0 0 0 0 0 0 0 1 0 0.110581429452605 48.4664644351464 0
"284" 1 0 0 0 0 0 0 0 1 0 0 0 0 0 0 0 0 0 0 0 0 1 0 0.134587574764605 28.4664644351464 0
"285" 1 0 0 0 0 0 0 0 1 0 0 0 0 0 0 0 0 0 0 0 0 0 0 0.128542290389605 55.4664644351464 0
"286" 1 0 0 0 0 0 0 0 1 0 0 0 0 0 0 0 0 0 0 0 0 0 0 -0.0424807947660948 26.4664644351464 0
"287" 1 0 0 0 0 0 0 0 1 0 0 0 0 0 0 0 0 0 0 0 0 0 0 0.0820477997656052 39.4664644351464 0
"288" 1 0 0 0 0 0 0 0 1 0 0 0 0 0 0 0 0 0 0 0 0 1 0 0.136562684139605 29.4664644351464 0
"289" 1 0 0 0 0 0 0 0 1 0 0 0 0 0 0 0 0 0 0 0 0 1 0 0.110859377889605 26.4664644351464 0
"290" 1 0 0 0 0 0 0 0 1 0 0 0 0 0 0 0 0 0 0 0 0 0 0 0.0635652474216052 19.4664644351464 0
"291" 1 0 0 0 0 0 0 0 1 0 0 0 0 0 0 0 0 0 0 0 0 0 1 -0.0134432572663948 -10.5335355648536 0
"292" 1 0 0 0 0 0 0 0 1 0 0 0 0 0 0 0 0 0 0 0 0 0 0 0.0306630935146052 19.4664644351464 0
"293" 1 0 0 0 0 0 0 0 1 0 0 0 0 0 0 0 0 0 0 0 0 1 0 0.0466176880466052 40.4664644351464 1
"294" 1 0 0 0 0 0 0 0 1 0 0 0 0 0 0 0 0 0 0 0 0 0 0 0.0603957396086052 17.4664644351464 1
"295" 1 0 0 0 0 0 0 0 1 0 0 0 0 0 0 0 0 0 0 0 0 1 0 0.0130393107026052 12.4664644351464 1
"296" 1 0 0 0 0 0 0 0 1 0 0 0 0 0 0 0 0 0 0 0 0 0 1 0.319622379452605 40.4664644351464 1
"297" 1 0 0 0 0 0 0 0 1 0 0 0 0 0 0 0 0 0 0 0 0 0 0 0.0481528802336052 36.4664644351464 1
"298" 1 0 0 0 0 0 0 0 1 0 0 0 0 0 0 0 0 0 0 0 0 1 0 -0.0270931932036948 -4.53353556485355 1
"299" 1 0 0 0 0 0 0 0 1 0 0 0 0 0 0 0 0 0 0 0 0 0 0 0.103044566952605 31.4664644351464 1
"300" 1 0 0 0 0 0 0 0 1 0 0 0 0 0 0 0 0 0 0 0 0 1 0 0.0613524271086052 26.4664644351464 1
"301" 1 0 0 0 0 0 0 0 1 0 0 0 0 0 0 0 0 0 0 0 0 0 0 0.0180602458586052 0.466464435146445 1
"302" 1 0 0 0 0 0 0 0 1 0 0 0 0 0 0 0 0 0 0 0 0 0 0 0.0814786825776052 12.4664644351464 1
"303" 1 0 0 0 0 0 0 0 1 0 0 0 0 0 0 0 0 0 0 0 0 0 0 0.100281391171605 17.4664644351464 1
"304" 1 0 0 0 0 0 0 0 1 0 0 0 0 0 0 0 0 0 0 0 0 1 0 -0.00201556117239476 -10.5335355648536 1
"305" 1 0 0 0 0 0 0 0 1 0 0 0 0 0 0 0 0 0 0 0 0 0 0 -0.00782807601639476 -9.53353556485355 1
"306" 1 0 0 0 0 0 0 0 1 0 0 0 0 0 0 0 0 0 0 0 0 0 0 -0.0148952361723948 7.46646443514645 1
"307" 1 0 0 0 0 0 0 0 1 0 0 0 0 0 0 0 0 0 0 0 0 0 0 0.0493575599216052 26.4664644351464 1
"308" 1 0 0 0 0 0 0 0 1 0 0 0 0 0 0 0 0 0 0 0 0 1 0 -0.0142390314843948 14.4664644351464 1
"309" 1 0 0 0 0 0 0 0 0 1 0 0 0 0 0 0 0 0 0 0 0 0 0 -0.0156285541233948 -8.53353556485355 1
"310" 1 0 0 0 0 0 0 0 0 1 0 0 0 0 0 0 0 0 0 0 0 0 0 0.0300309477376052 -8.53353556485355 1
"311" 1 0 0 0 0 0 0 0 0 1 0 0 0 0 0 0 0 0 0 0 0 0 0 0.0437790584356052 -5.53353556485355 1
"312" 1 0 0 0 0 0 0 0 0 1 0 0 0 0 0 0 0 0 0 0 0 0 0 -0.00385329458839477 -5.53353556485355 1
"313" 1 0 0 0 0 0 0 0 0 0 1 0 0 0 0 0 0 0 0 0 0 0 0 0.0972117468076052 -8.53353556485355 0
"314" 1 0 0 0 0 0 0 0 0 0 1 0 0 0 0 0 0 0 0 0 0 0 0 0.00188035983060524 -7.53353556485355 0
"315" 1 0 0 0 0 0 0 0 0 0 1 0 0 0 0 0 0 0 0 0 0 0 0 0.0192362602956052 -10.5335355648536 1
"316" 1 0 0 0 0 0 0 0 0 0 1 0 0 0 0 0 0 0 0 0 0 0 0 0.0411390384356052 -9.53353556485355 1
"317" 1 0 0 0 0 0 0 0 0 0 1 0 0 0 0 0 0 0 0 0 0 0 0 0.0105196844816052 -8.53353556485355 1
"318" 1 0 0 0 0 0 0 0 0 0 1 0 0 0 0 0 0 0 0 0 0 0 0 0.0405415668076052 -4.53353556485355 1
"319" 1 0 0 0 0 0 0 0 0 0 0 1 0 0 0 0 0 0 0 0 0 0 0 0.319672746813605 37.4664644351464 0
"320" 1 0 0 0 0 0 0 0 0 0 0 1 0 0 0 0 0 0 0 0 0 0 0 -0.0665794754084948 44.4664644351464 1
"321" 1 0 0 0 0 0 0 0 0 0 0 1 0 0 0 0 0 0 0 0 0 0 0 -0.0512177198529948 40.4664644351464 1
"322" 1 0 0 0 0 0 0 0 0 0 0 0 0 0 1 0 0 0 0 0 0 0 0 -0.0461610829084948 -4.53353556485355 0
"323" 1 0 0 0 0 0 0 0 0 0 0 0 0 0 1 0 0 0 0 0 0 0 0 0.104577807461605 -3.53353556485355 0
"324" 1 0 0 0 0 0 0 0 0 0 0 0 0 0 1 0 0 0 0 0 0 0 0 0.0725750193136052 -7.53353556485355 0
"325" 1 0 0 0 0 0 0 0 0 0 0 0 0 0 1 0 0 0 0 0 0 0 0 0.0292876644986052 -8.53353556485355 1
"326" 1 0 0 0 0 0 0 0 0 0 0 0 1 0 0 0 0 0 0 0 0 0 0 -0.0587135902348948 -8.84353556485355 0
"327" 1 0 0 0 0 0 0 0 0 0 0 0 1 0 0 0 0 0 0 0 0 0 0 -0.0671307096098948 -8.37353556485355 0
"328" 1 0 0 0 0 0 0 0 0 0 0 0 1 0 0 0 0 0 0 0 0 0 0 -0.0224005392973948 -7.06353556485356 0
"329" 1 0 0 0 0 0 0 0 0 0 0 0 1 0 0 0 0 0 0 0 0 0 0 -0.0722429599223948 -6.19353556485355 0
"330" 1 0 0 0 0 0 0 0 0 0 0 0 1 0 0 0 0 0 0 0 0 0 0 0.145086862265605 -6.10353556485355 0
"331" 1 0 0 0 0 0 0 0 0 0 0 0 1 0 0 0 0 0 0 0 0 0 0 -0.0607651858077948 -5.50353556485355 0
"332" 1 0 0 0 0 0 0 0 0 0 0 0 1 0 0 0 0 0 0 0 0 0 0 -0.0424157096098948 -5.14353556485355 0
"333" 1 0 0 0 0 0 0 0 0 0 0 0 1 0 0 0 0 0 0 0 0 0 0 -0.0706803637765948 -4.95353556485356 0
"334" 1 0 0 0 0 0 0 0 0 0 0 0 1 0 0 0 0 0 0 0 0 0 0 -0.0869429586723948 -3.74353556485356 0
"335" 1 0 0 0 0 0 0 0 0 0 0 0 1 0 0 0 0 0 0 0 0 0 0 0.0111152617446052 -3.53353556485355 0
"336" 1 0 0 0 0 0 0 0 0 0 0 0 1 0 0 0 0 0 0 0 0 0 0 -0.0224164872140948 -2.19353556485355 0
"337" 1 0 0 0 0 0 0 0 0 0 0 0 1 0 0 0 0 0 0 0 0 0 0 0.146378069556605 -1.29353556485356 0
"338" 1 0 0 0 0 0 0 0 0 0 0 0 1 0 0 0 0 0 0 0 0 0 0 -0.0722373294015948 -1.29353556485356 0
"339" 1 0 0 0 0 0 0 0 0 0 0 0 1 0 0 0 0 0 0 0 0 0 0 -0.00912687419339477 0.606464435146446 0
"340" 1 0 0 0 0 0 0 0 0 0 0 0 1 0 0 0 0 0 0 0 0 0 0 0.0981327872646052 6.23646443514645 0
"341" 1 0 0 0 0 0 0 0 0 0 0 0 1 0 0 0 0 0 0 0 0 0 0 -0.0667586642973948 12.2264644351464 0
"342" 1 0 0 0 0 0 0 0 0 0 0 0 1 0 0 0 0 0 0 0 0 0 0 0.0142440862236052 16.2964644351464 0
"343" 1 0 0 0 0 0 0 0 0 0 0 0 1 0 0 0 0 0 0 0 0 0 0 0.00771184611960524 -9.88353556485356 1
"344" 1 0 0 0 0 0 0 0 0 0 0 0 1 0 0 0 0 0 0 0 0 0 0 -0.0527966153390948 -7.73353556485355 1
"345" 1 0 0 0 0 0 0 0 0 0 0 0 1 0 0 0 0 0 0 0 0 0 0 -0.00360972315139477 -6.74353556485356 1
"346" 1 0 0 0 0 0 0 0 0 0 0 0 1 0 0 0 0 0 0 0 0 0 0 0.0319183294526052 -6.29353556485356 1
"347" 1 0 0 0 0 0 0 0 0 0 0 0 1 0 0 0 0 0 0 0 0 0 0 -0.0716650023181948 -6.26353556485356 1
"348" 1 0 0 0 0 0 0 0 0 0 0 0 1 0 0 0 0 0 0 0 0 0 0 -0.0673349596098948 -5.38353556485356 1
"349" 1 0 0 0 0 0 0 0 0 0 0 0 1 0 0 0 0 0 0 0 0 0 0 -0.0386085392973948 -3.81353556485356 1
"350" 1 0 0 0 0 0 0 0 0 0 0 0 1 0 0 0 0 0 0 0 0 0 0 -0.0405258267973948 -3.53353556485355 1
"351" 1 0 0 0 0 0 0 0 0 0 0 0 1 0 0 0 0 0 0 0 0 0 0 -0.0401102263286948 -3.38353556485356 1
"352" 1 0 0 0 0 0 0 0 0 0 0 0 1 0 0 0 0 0 0 0 0 0 0 -0.0134823877343948 -2.53353556485355 1
"353" 1 0 0 0 0 0 0 0 0 0 0 0 1 0 0 0 0 0 0 0 0 0 0 -0.00184471169339477 -2.29353556485356 1
"354" 1 0 0 0 0 0 0 0 0 0 0 0 1 0 0 0 0 0 0 0 0 0 0 -0.00774488565139476 1.29646443514644 1
"355" 1 0 0 0 0 0 0 0 0 0 0 0 1 0 0 0 0 0 0 0 0 0 0 -0.0193880387763948 2.62646443514644 1
"356" 1 0 0 0 0 0 0 0 0 0 0 0 1 0 0 0 0 0 0 0 0 0 0 -0.0359500366931948 5.11646443514644 1
"357" 1 0 0 0 0 0 0 0 0 0 0 0 1 0 0 0 0 0 0 0 0 0 0 0.00496251330660524 7.78646443514645 1
"358" 1 0 0 0 0 0 0 0 0 0 0 0 1 0 0 0 0 0 0 0 0 0 0 0.0111972153906052 8.44646443514644 1
"359" 1 0 0 0 0 0 0 0 0 0 0 0 1 0 0 0 0 0 0 0 0 0 0 -0.0675570397660948 10.9464644351464 1
"360" 1 0 0 0 0 0 0 0 0 0 0 0 1 0 0 0 0 0 0 0 0 0 0 0.0119187096606052 11.2164644351464 1
"361" 1 0 0 0 0 0 0 0 0 0 0 0 1 0 0 0 0 0 0 0 0 0 0 -0.00818970752639477 12.1764644351464 1
"362" 1 0 0 0 0 0 0 0 0 0 0 0 1 0 0 0 0 0 0 0 0 0 0 -0.0699800184640948 16.6164644351464 1
"363" 1 0 0 0 0 0 0 0 0 0 0 0 1 0 0 0 0 0 0 0 0 0 0 0.0189443997656052 17.5264644351464 1
"364" 1 0 0 0 0 0 0 0 0 0 0 0 1 0 0 0 0 0 0 0 0 0 0 0.0299269747656052 19.4964644351464 1
"365" 1 0 0 0 0 0 0 0 0 0 0 0 0 1 0 0 0 0 0 0 0 0 0 -0.0643698009402948 -2.53353556485355 0
"366" 1 0 0 0 0 0 0 0 0 0 0 0 0 1 0 0 0 0 0 0 0 0 0 -0.0884838401973948 -5.53353556485355 0
"367" 1 0 0 0 0 0 0 0 0 0 0 0 0 1 0 0 0 0 0 0 0 0 0 -0.0123529437973948 13.4664644351464 0
"368" 1 0 0 0 0 0 0 0 0 0 0 0 0 1 0 0 0 0 0 0 0 0 0 -0.0708827523687948 -7.53353556485355 0
"369" 1 0 0 0 0 0 0 0 0 0 0 0 0 1 0 0 0 0 0 0 0 0 0 -0.0571013923687948 -8.53353556485355 0
"370" 1 0 0 0 0 0 0 0 0 0 0 0 0 1 0 0 0 0 0 0 0 0 0 -0.00529161294039476 -9.53353556485355 1
"371" 1 0 0 0 0 0 0 0 0 0 0 0 0 1 0 0 0 0 0 0 0 0 0 -0.0551999506544948 2.46646443514645 1
"372" 1 0 0 0 0 0 0 0 0 0 0 0 0 1 0 0 0 0 0 0 0 0 0 -0.0201031655113948 10.4664644351464 1
"373" 1 0 0 0 0 0 0 0 0 0 0 0 0 1 0 0 0 0 0 0 0 0 0 0.0569242944886052 15.4664644351464 1
"374" 1 0 0 0 0 0 0 0 0 0 0 0 0 0 0 1 0 0 0 0 0 0 0 -0.0245991317973948 -9.53353556485355 0
"375" 1 0 0 0 0 0 0 0 0 0 0 0 0 0 0 1 0 0 0 0 0 0 0 0.161530516687605 8.46646443514645 1
"376" 1 0 0 0 0 0 0 0 0 0 0 0 0 0 0 1 0 0 0 0 0 0 0 -0.0259356857367948 13.4664644351464 1
"377" 1 0 0 0 0 0 0 0 0 0 0 0 0 0 0 1 0 0 0 0 0 0 0 0.0398134239606052 23.4664644351464 1
"378" 1 0 0 0 0 0 0 0 0 0 0 0 0 0 0 1 0 0 0 0 0 0 0 0.00847523244460524 6.46646443514645 1
"379" 1 0 0 0 0 0 0 0 0 0 0 0 0 0 0 1 0 0 0 0 0 0 0 0.154442195475605 13.4664644351464 1
"380" 1 0 0 0 0 0 0 0 0 0 0 0 0 0 0 0 1 0 0 0 0 0 0 0.0117883966236052 -5.53353556485355 0
"381" 1 0 0 0 0 0 0 0 0 0 0 0 0 0 0 0 1 0 0 0 0 0 0 0.0383987645186052 -8.53353556485355 0
"382" 1 0 0 0 0 0 0 0 0 0 0 0 0 0 0 0 1 0 0 0 0 0 0 0.0330521455706052 -3.53353556485355 0
"383" 1 0 0 0 0 0 0 0 0 0 0 0 0 0 0 0 1 0 0 0 0 0 0 0.0288622945186052 -6.53353556485355 1
"384" 1 0 0 0 0 0 0 0 0 0 0 0 0 0 0 0 1 0 0 0 0 0 0 -0.0471947275868948 -5.53353556485355 1
"385" 1 0 0 0 0 0 0 0 0 0 0 0 0 0 0 0 1 0 0 0 0 0 0 0.0308538460976052 -3.53353556485355 1
"386" 1 0 0 0 0 0 0 0 0 0 0 0 0 0 0 0 1 0 0 0 0 0 0 0.0993997097816052 -1.53353556485355 1
"387" 1 0 0 0 0 0 0 0 0 0 0 0 0 0 0 0 1 0 0 0 0 0 0 0.126295833991605 4.46646443514645 1
"388" 1 0 0 0 0 0 0 0 0 0 0 0 0 0 0 0 0 1 0 0 0 0 0 0.271376535077605 32.4664644351464 0
"389" 1 0 0 0 0 0 0 0 0 0 0 0 0 0 0 0 0 0 1 0 0 0 0 0.0130322845306052 36.4664644351464 0
"390" 1 0 0 0 0 0 0 0 0 0 0 0 0 0 0 0 0 0 1 0 0 0 0 -0.0395368541411948 1.46646443514645 0
"391" 1 0 0 0 0 0 0 0 0 0 0 0 0 0 0 0 0 0 1 0 0 0 0 -0.0719124459379948 -10.5335355648536 0
"392" 1 0 0 0 0 0 0 0 0 0 0 0 0 0 0 0 0 0 1 0 0 0 0 0.161134173983605 31.4664644351464 0
"393" 1 0 0 0 0 0 0 0 0 0 0 0 0 0 0 0 0 0 1 0 0 0 0 -0.0269577135160948 -0.533535564853555 0
"394" 1 0 0 0 0 0 0 0 0 0 0 0 0 0 0 0 0 0 1 0 0 0 0 0.0340144939056052 -7.53353556485355 0
"395" 1 0 0 0 0 0 0 0 0 0 0 0 0 0 0 0 0 0 1 0 0 0 0 0.0349596192966052 47.4664644351464 0
"396" 1 0 0 0 0 0 0 0 0 0 0 0 0 0 0 0 0 0 1 0 0 0 0 -0.0584503396879948 -4.53353556485355 0
"397" 1 0 0 0 0 0 0 0 0 0 0 0 0 0 0 0 0 0 1 0 0 0 0 -0.0461178119535948 30.4664644351464 0
"398" 1 0 0 0 0 0 0 0 0 0 0 0 0 0 0 0 0 0 1 0 0 0 0 0.131496511874605 53.4664644351464 0
"399" 1 0 0 0 0 0 0 0 0 0 0 0 0 0 0 0 0 0 1 0 0 0 0 -0.0200870631253948 2.46646443514645 0
"400" 1 0 0 0 0 0 0 0 0 0 0 0 0 0 0 0 0 0 1 0 0 1 0 -0.0490225541411948 39.4664644351464 0
"401" 1 0 0 0 0 0 0 0 0 0 0 0 0 0 0 0 0 0 1 0 0 0 0 -0.0165572365633948 7.46646443514645 0
"402" 1 0 0 0 0 0 0 0 0 0 0 0 0 0 0 0 0 0 1 0 0 0 0 0.0166117649996052 6.46646443514645 0
"403" 1 0 0 0 0 0 0 0 0 0 0 0 0 0 0 0 0 0 1 0 0 0 0 0.277753590780605 25.4664644351464 0
"404" 1 0 0 0 0 0 0 0 0 0 0 0 0 0 0 0 0 0 1 0 0 0 0 0.0914080442966052 -7.53353556485355 0
"405" 1 0 0 0 0 0 0 0 0 0 0 0 0 0 0 0 0 0 1 0 0 0 0 0.0435352353116052 55.4664644351464 0
"406" 1 0 0 0 0 0 0 0 0 0 0 0 0 0 0 0 0 0 1 0 0 0 0 -0.0187454310943948 -7.53353556485355 0
"407" 1 0 0 0 0 0 0 0 0 0 0 0 0 0 0 0 0 0 1 0 0 0 0 0.0685280575776052 2.46646443514645 0
"408" 1 0 0 0 0 0 0 0 0 0 0 0 0 0 0 0 0 0 1 0 0 0 0 -0.0531871471098948 12.4664644351464 0
"409" 1 0 0 0 0 0 0 0 0 0 0 0 0 0 0 0 0 0 1 0 0 0 0 -0.0503969838286948 44.4664644351464 0
"410" 1 0 0 0 0 0 0 0 0 0 0 0 0 0 0 0 0 0 1 0 0 0 0 -0.0386849193754948 -8.53353556485355 0
"411" 1 0 0 0 0 0 0 0 0 0 0 0 0 0 0 0 0 0 1 0 0 0 0 -0.0312678088285948 11.4664644351464 0
"412" 1 0 0 0 0 0 0 0 0 0 0 0 0 0 0 0 0 0 1 0 0 0 0 -0.0251461400786948 -1.53353556485355 0
"413" 1 0 0 0 0 0 0 0 0 0 0 0 0 0 0 0 0 0 1 0 0 0 0 -0.0250587029692948 -2.53353556485355 0
"414" 1 0 0 0 0 0 0 0 0 0 0 0 0 0 0 0 0 0 1 0 0 0 0 0.144815679843605 -10.5335355648536 1
"415" 1 0 0 0 0 0 0 0 0 0 0 0 0 0 0 0 0 0 1 0 0 0 0 -0.0333706178129948 -9.53353556485355 1
"416" 1 0 0 0 0 0 0 0 0 0 0 0 0 0 0 0 0 0 1 0 0 0 0 -0.0163860396883948 -8.53353556485355 1
"417" 1 0 0 0 0 0 0 0 0 0 0 0 0 0 0 0 0 0 1 0 0 0 0 -0.0745386823051948 -8.53353556485355 1
"418" 1 0 0 0 0 0 0 0 0 0 0 0 0 0 0 0 0 0 1 0 0 0 0 -0.0693677435942948 -8.53353556485355 1
"419" 1 0 0 0 0 0 0 0 0 0 0 0 0 0 0 0 0 0 1 0 0 0 0 -0.0329048990629948 -7.53353556485355 1
"420" 1 0 0 0 0 0 0 0 0 0 0 0 0 0 0 0 0 0 1 0 0 0 0 -0.0397240764067948 -7.53353556485355 1
"421" 1 0 0 0 0 0 0 0 0 0 0 0 0 0 0 0 0 0 1 0 0 0 0 -0.0503721021879948 -7.53353556485355 1
"422" 1 0 0 0 0 0 0 0 0 0 0 0 0 0 0 0 0 0 1 0 0 0 0 -0.00104270921939477 -6.53353556485355 1
"423" 1 0 0 0 0 0 0 0 0 0 0 0 0 0 0 0 0 0 1 0 0 0 0 0.0304210677336052 -6.53353556485355 1
"424" 1 0 0 0 0 0 0 0 0 0 0 0 0 0 0 0 0 0 1 0 0 0 0 -0.0742779865629948 -6.53353556485355 1
"425" 1 0 0 0 0 0 0 0 0 0 0 0 0 0 0 0 0 0 1 0 0 0 0 -0.0278850412504948 -4.53353556485355 1
"426" 1 0 0 0 0 0 0 0 0 0 0 0 0 0 0 0 0 0 1 0 0 0 0 -0.0802368576176948 -4.53353556485355 1
"427" 1 0 0 0 0 0 0 0 0 0 0 0 0 0 0 0 0 0 1 0 0 0 0 -0.0464706693754948 -1.53353556485355 1
"428" 1 0 0 0 0 0 0 0 0 0 0 0 0 0 0 0 0 0 1 0 0 0 0 0.0359200274996052 0.466464435146445 1
"429" 1 0 0 0 0 0 0 0 0 0 0 0 0 0 0 0 0 0 1 0 0 0 0 0.172817195077605 0.466464435146445 1
"430" 1 0 0 0 0 0 0 0 0 0 0 0 0 0 0 0 0 0 1 0 0 0 0 0.0354341196866052 4.46646443514645 1
"431" 1 0 0 0 0 0 0 0 0 0 0 0 0 0 0 0 0 0 1 0 0 0 0 -0.0139669971093948 4.46646443514645 1
"432" 1 0 0 0 0 0 0 0 0 0 0 0 0 0 0 0 0 0 1 0 0 0 0 -0.0239495084379948 8.46646443514645 1
"433" 1 0 0 0 0 0 0 0 0 0 0 0 0 0 0 0 0 0 1 0 0 0 0 -0.0506268021879948 10.4664644351464 1
"434" 1 0 0 0 0 0 0 0 0 0 0 0 0 0 0 0 0 0 1 0 0 0 0 -0.0118679631253948 10.4664644351464 1
"435" 1 0 0 0 0 0 0 0 0 0 0 0 0 0 0 0 0 0 1 0 0 0 0 0.0500847544526052 11.4664644351464 1
"436" 1 0 0 0 0 0 0 0 0 0 0 0 0 0 0 0 0 0 1 0 0 0 0 0.0855373982026052 11.4664644351464 1
"437" 1 0 0 0 0 0 0 0 0 0 0 0 0 0 0 0 0 0 1 0 0 0 0 0.0174259017186052 12.4664644351464 1
"438" 1 0 0 0 0 0 0 0 0 0 0 0 0 0 0 0 0 0 1 0 0 0 0 0.678198315780605 13.4664644351464 1
"439" 1 0 0 0 0 0 0 0 0 0 0 0 0 0 0 0 0 0 1 0 0 0 0 0.0102827970306052 13.4664644351464 1
"440" 1 0 0 0 0 0 0 0 0 0 0 0 0 0 0 0 0 0 1 0 0 0 0 0.0537112005466052 14.4664644351464 1
"441" 1 0 0 0 0 0 0 0 0 0 0 0 0 0 0 0 0 0 1 0 0 0 0 -0.00103827250039476 16.4664644351464 1
"442" 1 0 0 0 0 0 0 0 0 0 0 0 0 0 0 0 0 0 1 0 0 0 0 -0.0178217614453948 16.4664644351464 1
"443" 1 0 0 0 0 0 0 0 0 0 0 0 0 0 0 0 0 0 1 0 0 0 0 0.0231443517186052 17.4664644351464 1
"444" 1 0 0 0 0 0 0 0 0 0 0 0 0 0 0 0 0 0 1 0 0 0 0 0.0857473083586052 23.4664644351464 1
"445" 1 0 0 0 0 0 0 0 0 0 0 0 0 0 0 0 0 0 1 0 0 0 0 0.125156914999605 23.4664644351464 1
"446" 1 0 0 0 0 0 0 0 0 0 0 0 0 0 0 0 0 0 1 0 0 0 0 0.0989086841396052 25.4664644351464 1
"447" 1 0 0 0 0 0 0 0 0 0 0 0 0 0 0 0 0 0 1 0 0 0 0 0.00804739507760524 25.4664644351464 1
"448" 1 0 0 0 0 0 0 0 0 0 0 0 0 0 0 0 0 0 1 0 0 0 0 0.0533721610936052 33.4664644351464 1
"449" 1 0 0 0 0 0 0 0 0 0 0 0 0 0 0 0 0 0 1 0 0 0 0 0.0353407728116052 35.4664644351464 1
"450" 1 0 0 0 0 0 0 0 0 0 0 0 0 0 0 0 0 0 1 0 0 0 0 0.0278840751556052 38.4664644351464 1
"451" 1 0 0 0 0 0 0 0 0 0 0 0 0 0 0 0 0 0 1 0 0 0 0 0.00974931382760524 40.4664644351464 1
"452" 1 0 0 0 0 0 0 0 0 0 0 0 0 0 0 0 0 0 1 0 0 0 0 0.143087684530605 42.4664644351464 1
"453" 1 0 0 0 0 0 0 0 0 0 0 0 0 0 0 0 0 0 1 0 0 0 0 0.412380890780605 44.4664644351464 1
"454" 1 0 0 0 0 0 0 0 0 0 0 0 0 0 0 0 0 0 1 0 0 0 0 0.130583684921605 52.4664644351464 1
"455" 1 0 0 0 0 0 0 0 0 0 0 0 0 0 0 0 0 0 0 1 0 0 0 -0.0623808179390948 -8.53353556485355 0
"456" 1 0 0 0 0 0 0 0 0 0 0 0 0 0 0 0 0 0 0 1 0 0 0 -0.0663895077028948 -6.53353556485355 0
"457" 1 0 0 0 0 0 0 0 0 0 0 0 0 0 0 0 0 0 0 1 0 0 0 -0.0284347793564948 -6.53353556485355 0
"458" 1 0 0 0 0 0 0 0 0 0 0 0 0 0 0 0 0 0 0 1 0 0 0 -0.0326875525847948 -5.53353556485355 0
"459" 1 0 0 0 0 0 0 0 0 0 0 0 0 0 0 0 0 0 0 1 0 0 0 -0.0351901897501948 -3.53353556485355 0
"460" 1 0 0 0 0 0 0 0 0 0 0 0 0 0 0 0 0 0 0 1 0 0 0 -0.0455484675453948 -3.53353556485355 0
"461" 1 0 0 0 0 0 0 0 0 0 0 0 0 0 0 0 0 0 0 1 0 0 0 -0.0217392549469948 -0.533535564853555 0
"462" 1 0 0 0 0 0 0 0 0 0 0 0 0 0 0 0 0 0 0 1 0 0 0 -0.0837656485690948 -1.53353556485355 1
"463" 1 0 0 0 0 0 0 0 0 0 0 0 0 0 0 0 0 0 0 1 0 0 0 -0.0509007140020948 -1.53353556485355 1
"464" 1 0 0 0 0 0 0 0 0 0 0 0 0 0 0 0 0 0 0 1 0 0 0 -0.0384334533721948 -1.53353556485355 1
"465" 1 0 0 0 0 0 0 0 0 0 0 0 0 0 0 0 0 0 0 1 0 0 0 -0.0186116321123948 -2.53353556485355 1
"466" 1 0 0 0 0 0 0 0 0 0 0 0 0 0 0 0 0 0 0 1 0 0 0 -0.0519828628209948 -2.53353556485355 1
"467" 1 0 0 0 0 0 0 0 0 0 0 0 0 0 0 0 0 0 0 1 0 0 0 -0.0315087699075948 -4.53353556485355 1
"468" 1 0 0 0 0 0 0 0 0 0 0 0 0 0 0 0 0 0 0 0 1 1 0 -0.0590203411778948 -9.53353556485355 0
"469" 1 0 0 0 0 0 0 0 0 0 0 0 0 0 0 0 0 0 0 0 1 0 0 0.00192045587260524 -8.53353556485355 0
"470" 1 0 0 0 0 0 0 0 0 0 0 0 0 0 0 0 0 0 0 0 1 0 0 -0.0213627686113948 -7.53353556485355 0
"471" 1 0 0 0 0 0 0 0 0 0 0 0 0 0 0 0 0 0 0 0 1 1 0 0.000444547317605237 -6.53353556485355 0
"472" 1 0 0 0 0 0 0 0 0 0 0 0 0 0 0 0 0 0 0 0 1 1 0 0.178014421358605 18.4664644351464 0
"473" 1 0 0 0 0 0 0 0 0 0 0 0 0 0 0 0 0 0 0 0 1 0 0 -0.00400061521939477 -9.53353556485355 1
"474" 1 0 0 0 0 0 0 0 0 0 0 0 0 0 0 0 0 0 0 0 1 1 0 -0.00138924619239476 -9.53353556485355 1
"475" 1 0 0 0 0 0 0 0 0 0 0 0 0 0 0 0 0 0 0 0 1 0 0 0.0724381361086052 -7.53353556485355 1
"476" 1 0 0 0 0 0 0 0 0 0 0 0 0 0 0 0 0 0 0 0 1 1 0 -0.0241593517973948 -0.533535564853555 1
"477" 1 0 0 0 0 0 0 0 0 0 0 0 0 0 0 0 0 0 0 0 1 0 0 -0.0329437031247948 6.46646443514645 1
"478" 1 0 0 0 0 0 0 0 0 0 0 0 0 0 0 0 0 0 0 0 1 0 0 0.118859459116605 10.4664644351464 1
