211 63 106
211 64 105
211 65 105
211 66 105
212 67 104
212 68 104
212 69 103
212 69 103
213 70 103
213 71 102
213 72 102
214 73 101
214 74 101
214 74 100
214 75 100
215 76 100
215 77 99
215 78 99
215 78 98
216 79 98
216 80 97
216 81 97
216 81 97
217 82 96
217 83 96
217 84 95
217 84 95
218 85 94
218 86 94
218 87 93
218 87 93
219 88 92
219 89 92
219 90 92
219 90 91
219 91 91
220 92 90
220 93 90
220 93 89
220 94 89
221 95 88
221 96 88
221 96 87
221 97 87
222 98 86
222 98 86
222 99 85
222 100 85
222 101 84
223 101 84
223 102 83
223 103 83
223 103 82
223 104 82
224 105 81
224 106 81
224 106 80
224 107 80
224 108 79
225 108 79
225 109 78
225 110 78
225 110 77
225 111 77
225 112 76
226 113 76
226 113 75
226 114 75
226 115 74
226 115 74
226 116 73
227 117 72
227 117 72
227 118 71
227 119 71
227 119 70
227 120 70
228 121 69
228 121 69
228 122 68
228 123 68
228 124 67
228 124 67
229 125 66
229 126 65
229 126 65
229 127 64
229 128 64
229 128 63
229 129 63
229 130 62
230 130 62
230 131 61
230 132 61
230 132 60
230 133 60
230 134 59
230 134 58
230 135 58
231 136 57
231 136 57
231 137 56
231 138 56
231 138 55
231 139 55
231 140 54
231 140 54
231 141 53
232 142 53
232 142 52
232 143 52
232 144 51
232 144 51
232 145 50
232 146 50
232 146 49
232 147 49
232 148 48
232 148 48
232 149 47
233 149 47
233 150 47
233 151 46
233 151 46
233 152 45
233 153 45
233 153 44
233 154 44
233 155 44
233 155 43
233 156 43
233 157 43
233 157 42
233 158 42
233 159 42
233 159 42
233 160 41
233 161 41
233 161 41
233 162 41
233 163 41
234 163 40
234 164 40
234 164 40
234 165 40
234 166 40
234 166 40
234 167 40
234 168 40
234 168 40
234 169 40
234 170 40
234 170 40
234 171 40
234 172 40
234 172 40
234 173 41
234 174 41
234 174 41
234 175 41
234 175 41
234 176 42
234 177 42
234 177 42
234 178 43
234 179 43
233 179 43
233 180 44
233 181 44
233 181 45
233 182 45
233 183 46
233 183 46
233 184 47
233 184 47
233 185 48
233 186 49
233 186 49
233 187 50
233 188 51
233 188 51
233 189 52
233 189 53
233 190 53
233 191 54
233 191 55
233 192 56
232 193 56
232 193 57
232 194 58
232 195 59
232 195 60
232 196 60
232 196 61
232 197 62
232 198 63
232 198 64
232 199 65
232 200 66
232 200 67
231 201 68
231 201 69
231 202 70
231 203 71
231 203 71
231 204 72
231 204 74
231 205 75
231 206 76
231 206 77
230 207 78
230 208 79
230 208 80
230 209 81
230 209 82
230 210 83
230 211 84
230 211 85
230 212 87
229 212 88
229 213 89
229 214 90
229 214 91
229 215 92
229 215 94
229 216 95
229 217 96
229 217 97
228 218 99
228 218 100
228 219 101
228 220 103
228 220 104
228 221 106
228 221 107
228 222 108
227 223 110
227 223 111
227 224 113
227 224 115
227 225 116
227 225 118
227 226 120
227 226 121
227 227 123
226 228 125
226 228 127
226 229 129
226 229 132
226 230 134
226 230 137
226 231 140
226 231 143
226 231 148
226 232 154
226 230 189
