Coordinates in Destination volume (in mm)
11.5909  -16.6917  32.5199
11.6627  -77.1865  12.3588
11.9334  -53.8532  -7.57695
43.6843  -77.3086  16.4916
63.8954  -41.7828  8.67117
56.0357  6.05686  4.76673
43.7173  -45.2506  20.5775
32.0449  -42.1548  -11.4618
35.9527  6.33387  8.68375
32.2774  1.38464  -23.3438
15.918  -81.9501  -11.6355
31.8453  -53.6362  4.50614
32.282  21.4672  -19.2901
3.32759  -11.8974  56.4976
19.6742  -97.3305  8.3383
64.0616  -26.1861  -3.28598
15.5326  -44.6651  32.4614
36.0284  38.2684  8.76961
3.98821  -5.76654  -3.48134
3.98821  -5.76654  -3.48134
