0.08294 0.09424
0.19230 0.05605
0.19512 0.07554
0.18808 0.16912
0.15565 0.13340
0.22166 0.31280
0.28623 0.14566
0.14026 0.14005
0.10585 0.22630
0.11834 0.07716
0.08865 0.17447
0.15234 0.17808
0.21318 0.24701
0.10037 0.09603
0.13825 0.16794
0.16368 0.11019
0.19641 0.27904
0.07044 0.16449
0.13495 0.12185
0.24377 0.30943
0.18553 0.22592
0.07132 0.10307
0.08749 0.22453
0.05246 0.08192
0.17109 0.22516
0.07521 0.28967
0.06916 0.14572
0.15480 0.11715
0.20305 0.04488
0.15881 0.16778
0.13560 0.08917
0.12749 0.08598
0.08856 0.05798
0.11355 0.12062
0.09283 0.21969
0.07142 0.06959
0.07216 0.18242
0.10990 0.17566
0.08194 0.09592
0.07760 0.13873
0.14376 0.05559
0.25714 0.27734
0.06432 0.05675
0.18324 0.24159
0.09428 0.05781
0.05417 0.15324
0.21526 0.16937
0.10908 0.13438
0.18421 0.13318
0.09843 0.25242
0.22558 0.18788
0.07424 0.05156
0.25591 0.20817
0.13664 0.08483
0.15433 0.19907
0.12745 0.17936
0.05548 0.10316
0.21002 0.11088
0.07678 0.18782
0.12521 0.10632
0.15116 0.09734
0.04524 0.05360
0.16017 0.08102
0.22002 0.17348
0.22237 0.23639
0.10115 0.29575
0.15970 0.05471
0.09370 0.11464
0.11209 0.12069
0.17785 0.14316
0.14817 0.07933
0.07360 0.18556
0.05590 0.03701
0.20159 0.25338
0.09751 0.14042
0.12423 0.05262
0.09208 0.11896
0.40104 0.31754
0.17115 0.19039
0.16815 0.17533
0.06464 0.06529
0.08521 0.05742
0.16074 0.10484
0.19976 0.18832
0.13911 0.21029
0.08614 0.08433
0.08761 0.06945
0.19726 0.17242
0.20292 0.17289
0.11312 0.13010
0.20583 0.31995
0.08257 0.17764
0.06421 0.08665
0.15183 0.29273
0.25804 0.26811
0.06523 0.16259
0.17376 0.28100
0.15264 0.34922
0.24130 0.13612
0.17856 0.19272
0.15424 0.17730
0.29150 0.26765
0.07141 0.09185
0.05183 0.18564
