0.09690 0.08927
0.22646 0.05914
0.21216 0.07499
0.20471 0.16057
0.17158 0.13357
0.23286 0.29926
0.30459 0.12929
0.15495 0.13473
0.11767 0.22634
0.13717 0.08130
0.10095 0.17089
0.16857 0.17013
0.25095 0.25604
0.12746 0.10038
0.15607 0.16650
0.18855 0.10652
0.21765 0.26897
0.08426 0.16725
0.14693 0.12183
0.26057 0.30034
0.20576 0.22451
0.08864 0.11218
0.10397 0.23191
0.06242 0.08639
0.19375 0.21955
0.08934 0.29364
0.08494 0.15097
0.17946 0.11889
0.22953 0.04533
0.16412 0.15170
0.14940 0.08341
0.14174 0.08543
0.10344 0.05911
0.13838 0.12973
0.10275 0.20508
0.08718 0.07391
0.08330 0.18246
0.12332 0.15340
0.09798 0.09746
0.09173 0.13483
0.17196 0.05827
0.27906 0.26099
0.07578 0.05838
0.20248 0.22361
0.11093 0.06213
0.06612 0.14585
0.24058 0.15094
0.11804 0.12158
0.20430 0.13399
0.11877 0.24626
0.26040 0.18347
0.08525 0.05352
0.31079 0.22511
0.15834 0.08796
0.17502 0.19565
0.12803 0.15526
0.06902 0.10667
0.25282 0.11614
0.09321 0.19483
0.14554 0.10189
0.19260 0.10379
0.05845 0.05955
0.18532 0.07665
0.22349 0.15967
0.25087 0.23212
0.11391 0.29917
0.18817 0.06177
0.11334 0.12726
0.13477 0.11200
0.19628 0.13390
0.16023 0.08028
0.09267 0.20152
0.07110 0.04217
0.21080 0.22807
0.10996 0.13599
0.14046 0.05448
0.09991 0.12808
0.44966 0.31932
0.17759 0.16748
0.18529 0.17910
0.07223 0.06740
0.09538 0.05892
0.16780 0.09341
0.24564 0.19806
0.13816 0.18365
0.09824 0.08464
0.11006 0.07576
0.22198 0.17202
0.24170 0.17323
0.12838 0.12922
0.23740 0.32748
0.08963 0.16449
0.07930 0.09067
0.17639 0.31638
0.28366 0.23784
0.07361 0.16142
0.20529 0.29280
0.16249 0.34202
0.27982 0.13529
0.20848 0.19219
0.16993 0.15607
0.32458 0.26712
0.08565 0.08729
0.06057 0.18154
