medium_meanGcor
-0.0620770192307692
-0.100267019230769
-0.0807770192307692
0.0128029807692308
-0.0229170192307692
0.156482980769231
-0.0106570192307692
-0.0162670192307692
0.0699829807692308
-0.0791570192307692
0.0181529807692307
0.0217629807692307
0.0906929807692308
-0.0602870192307692
0.0116229807692308
-0.0461270192307692
0.122722980769231
0.00817298076923076
-0.0344670192307692
0.153112980769231
0.0696029807692308
-0.0532470192307692
0.0682129807692308
-0.0743970192307692
0.0688429807692308
0.133352980769231
-0.0105970192307693
-0.0391670192307692
-0.111437019230769
0.0114629807692308
-0.0671470192307692
-0.0703370192307692
-0.0983370192307692
-0.0356970192307692
0.0633729807692308
-0.0867270192307692
0.0261029807692308
0.0193429807692308
-0.0603970192307692
-0.0175870192307692
-0.100727019230769
0.121022980769231
-0.0995670192307692
0.0852729807692308
-0.0985070192307692
-0.00307701923076925
0.0130529807692308
-0.0219370192307692
-0.0231370192307692
0.0961029807692307
0.0315629807692308
-0.104757019230769
0.0518529807692308
-0.0714870192307692
0.0427529807692308
0.0230429807692308
-0.0531570192307692
-0.0454370192307692
0.0315029807692307
-0.0499970192307692
-0.0589770192307692
-0.102717019230769
-0.0752970192307692
0.0171629807692308
0.0800729807692308
0.139432980769231
-0.101607019230769
-0.0416770192307692
-0.0356270192307692
-0.0131570192307692
-0.0769870192307692
0.0292429807692308
-0.119307019230769
0.0970629807692308
-0.0158970192307692
-0.103697019230769
-0.0373570192307692
0.161222980769231
0.0340729807692308
0.0190129807692308
-0.0910270192307692
-0.0988970192307692
-0.0514770192307692
0.0320029807692307
0.0539729807692308
-0.0719870192307692
-0.0868670192307692
0.0161029807692308
0.0165729807692307
-0.0262170192307692
0.163632980769231
0.0213229807692308
-0.0696670192307692
0.136412980769231
0.111792980769231
0.00627298076923077
0.124682980769231
0.192902980769231
-0.0201970192307692
0.0364029807692308
0.0209829807692308
0.111332980769231
-0.0644670192307692
0.0293229807692308
