short_meanGcor
-0.0583128846153846
0.0510471153846154
0.0538671153846154
0.0468271153846154
0.0143971153846154
0.0804071153846154
0.144977115384615
-0.000992884615384632
-0.0354028846153846
-0.0229128846153846
-0.0526028846153846
0.0110871153846154
0.0719271153846154
-0.0408828846153846
-0.00300288461538462
0.0224271153846154
0.0551571153846154
-0.0708128846153846
-0.00630288461538464
0.102517115384615
0.0442771153846154
-0.0699328846153846
-0.0537628846153846
-0.0887928846153846
0.0298371153846154
-0.0660428846153846
-0.0720928846153846
0.0135471153846154
0.0617971153846154
0.0175571153846154
-0.00565288461538463
-0.0137628846153846
-0.0526928846153846
-0.0277028846153846
-0.0484228846153846
-0.0698328846153846
-0.0690928846153846
-0.0313528846153846
-0.0593128846153846
-0.0636528846153846
0.00250711538461537
0.115887115384615
-0.0769328846153846
0.0419871153846154
-0.0469728846153846
-0.0870828846153846
0.0740071153846154
-0.0321728846153846
0.0429571153846154
-0.0428228846153846
0.0843271153846154
-0.0670128846153846
0.114657115384615
-0.00461288461538462
0.0130771153846154
-0.0138028846153846
-0.0857728846153846
0.0687671153846154
-0.0644728846153846
-0.0160428846153846
0.00990711538461536
-0.0960128846153846
0.0189171153846154
0.0787671153846154
0.0811171153846154
-0.0401028846153846
0.0184471153846154
-0.0475528846153846
-0.0291628846153846
0.0365971153846154
0.00691711538461537
-0.0676528846153846
-0.0853528846153846
0.0603371153846154
-0.0437428846153846
-0.0170228846153846
-0.0491728846153846
0.259787115384615
0.0298971153846154
0.0268971153846154
-0.0766128846153846
-0.0560428846153846
0.0194871153846154
0.0585071153846154
-0.00214288461538462
-0.0551128846153846
-0.0536428846153846
0.0560071153846154
0.0616671153846154
-0.0281328846153846
0.0645771153846154
-0.0586828846153846
-0.0770428846153846
0.0105771153846154
0.116787115384615
-0.0760228846153846
0.0325071153846154
0.0113871153846154
0.100047115384615
0.0373071153846154
0.0129871153846154
0.150247115384615
-0.0698428846153846
-0.0894228846153846
